X	Y
-4,638383649819818	6,9014241046264
-4,725497425106083	7,400726457536938
-1,1871632493925142	3,749465324252444
0,7861912125222701	4,626119999893474
-0,5116976269123561	3,4937634703233673
0,9069701652741144	3,110450008349085
0,7460965296161207	4,629741329838176
1,0112556710614329	2,3806053216670637
-5,922387519223117	6,0317326062512535
-4,87558194061121	7,216328203638986
-0,6182824239146858	2,869107636324757
0,38678405497327767	4,919406659520259
-4,693164923918267	7,3755226050935745
-6,332961863604124	6,206396506012962
-6,079058214019835	9,215691713933506
-5,460811668917526	6,104833923537314
-5,8072160337250835	6,049048810915384
-0,07752540862514079	3,986552705109042
-5,96871864521458	5,74547408055435
-5,275259820096838	9,30560102670768
-6,343466952148616	9,013287215024773
-5,5803632817135265	6,504490059376017
1,2612806838203572	5,018608471045786
-6,151137730420712	7,361675548102466
0,4917140552496459	4,109845623669164
-0,4356907364971264	4,500712301144871
-5,396403520542097	8,23244412233755
-1,1135829208003545	3,523779951984415
0,45917436837936054	3,2437979401123336
-6,852442179371471	7,6496200630910955
-0,796538126054791	3,047021533288061
0,6891637076715035	3,468368732623226
-4,84072775352371	7,56656655972955
-5,636586186863022	7,12384848021519
-4,880324629404913	8,89040833509446
-5,754095880890625	7,351022457204453
0,6960282179300117	1,6394249427519618
1,2281208387661637	3,5345784867970758
0,47894890641667587	4,556645174521144
-4,579586455377761	7,490920941291835
-0,2928194748320081	2,7846017665287524
-5,908994704877458	8,71999225853289
0,503568482213635	3,1877432034159696
-6,15380927318951	6,998567806046011
-1,1028579599280062	3,4014069388229835
0,5379217133497136	3,3387903317986183
-1,0067653707475226	3,301723629815512
0,4090421247976785	4,042766108815082
1,9570589021942673	3,2039644720947984
0,630738079614571	3,1993179633172857
0,08085317833063965	4,686041454395148
1,674552469580776	3,062675578960433
0,01676865842612546	2,0144054978900283
-5,516895296876904	8,285570835525034
0,5300775942974344	5,053242405849771
0,2775753409707946	1,6925903890382836
-5,66892277904611	8,878181085751473
-0,12394395798106628	4,440741512856462
1,030249285004361	5,12832131668077
-5,015026303255698	7,5227097070245375
0,4106897448751026	3,536217017073117
-6,326535304342173	5,939071616839071
1,141939161745004	4,447364986950202
-5,845256412574629	7,4243505742320846
-4,031043195866104	7,089978530969784
1,067599089570745	3,189906058109977
1,78998572690942	2,9079855773182466
-0,4580121424285436	2,148374426063996
0,7198937888183914	1,7458836979644932
1,086885950323052	3,867898321771203
-5,880879139186199	9,126648132108334
-0,26455623435944275	4,6887269844635755
1,0507757506295556	4,411794434553407
0,6755836342255637	3,319894724462517
-6,695121156905887	7,8621690709411105
-5,238270716660148	5,612374306641042
-5,707063146164245	5,914201771496988
1,212448874674994	3,305110322311877
-5,834526831588987	6,24449306493464
-0,2840286730598901	3,4943844671880147
0,5929146206865012	2,901956255957137
0,6359046900443351	3,320100853488368
0,1236583594148703	3,123848689185027
1,6147599587439083	3,505863408292908
-5,967834490615605	8,384703184059736
-0,6759845532967079	3,29282534915136
1,3056277562334455	5,077500177846304
1,2676329529104644	3,2049222518620897
-5,665016769410669	9,199806200654448
-6,074936034328541	7,554283991267944
-4,978621431592018	6,566311604397694
-4,95659305049621	6,797893429378709
-0,5294502225726525	3,4690386372550863
-5,791730651811496	8,655632462402636
-4,600957428100658	8,081105040598894
-4,642777113164063	8,146494545311713
-5,072386949590589	8,987448384149465
-5,552175220920915	7,701405025814131
-0,43320161190604856	3,3283928851166054
-6,438072087519091	8,379358422824424
-6,420065937649451	8,085918516146018
-0,5915061015705032	1,906897965173955
-4,981491337871109	8,391306608461107
-4,492590087909901	7,038529434097583
0,5223168140882115	2,042882591358271
1,882793533366924	3,354923386757383
-4,972555759676436	7,5912657235580046
1,1546659484717954	3,7356541583530496
0,7867091467671194	3,2193276394165244
1,4674988199460954	2,2264987753842616
-5,681418536871271	6,792204073343142
0,4398282888413801	4,080168687211803
2,0533687387967783	4,088360048080054
-5,228633075147521	8,56125843909248
1,1568316901296698	4,7927762353422985
0,11983293230855896	3,5961019371372234
-5,8540272557243815	8,7493828937617
0,2856894013940181	2,4254810783340135
-0,48505442719148273	2,6138836184635608
1,8664516500390014	2,880679170066824
-6,185025253490231	7,377826955189483
0,44363089407930956	4,899457633533292
0,49180985830585106	2,2143179158585644
0,35451361540687504	4,298175423257337
0,7730909267918422	2,652459372755933
-5,775643930342246	8,179401671856045
0,9131622361999303	3,751762585537633
-0,7263691568625874	2,1689801295992988
0,5215336376616494	1,9883715121455017
-6,094534632461288	6,448722050111142
-4,38422442434972	7,889127005939417
1,3975434879023163	2,648272578458626
0,48311767632364	3,2391924565808945
-5,164395864669331	6,130383688062473
0,7387353093943823	3,9908929122507963
0,5645906459340428	4,554745212559933
-4,403769041719722	7,307860560362737
-1,2173013071384975	3,396244955941839
2,2441687411884756	3,5072412063292133
0,600606644053582	4,576622763252043
-5,6626088228255815	8,466621824157384
-0,5111532724592944	1,9351380007026446
-6,024733262733232	6,205097197331908
-6,71042290809423	7,827978611634089
-0,27938344845033736	4,203855265579106
-0,5642842320305299	4,1977249024431815
0,19915664448335862	2,200810916531194
0,24334838945077011	3,563427149900786
-0,02988131967248142	3,4475168159021052
1,0365339796738238	3,0153808238284956
1,7506565941720362	3,352351189363764
-7,13137000400562	7,5459388788705795
-5,655657125278911	8,597081254089643
0,061499989083772744	2,605491154922861
-5,0151973139293275	8,148085387840894
0,4763644542929939	3,475882728501714
0,23533396871574286	3,7594433426327045
-6,348456175480427	7,323161901505469
-5,626954905750306	8,359590178521364
-6,150213414882031	7,2512599935576665
-0,08351201013376397	2,0330140795259215
-5,034322519292814	6,44905301323117
-3,988216197272437	7,160363487038101
1,668684729939799	3,2187720180884813
-5,3266162394684144	8,49013481264009
-5,537943514841686	6,322850799372891
-5,987655947315081	8,628134349825093
-5,3334748415724444	8,028224606560105
0,08910533970680129	2,890276523838447
-0,2507135076555844	4,638879924473866
-6,241494979825609	7,083695261865916
0,7246670517053659	2,447100083706562
-4,172445415562464	7,8277803284556935
-4,02530316376448	7,505823325531526
-4,080083201593103	7,266845677598925
-5,744983992703368	6,475505289023026
-4,816027342308156	7,97514140588335
-4,190717229818598	8,445511726748812
0,8387145998245277	1,8862932564067727
0,4107353489368576	2,271825195717917
-3,976789134463461	7,50785171998095
-5,050953384347478	7,541706381253554
0,9775500719520542	2,610235447645152
1,115612120990367	2,988717168434325
1,5832229278986125	2,999367222498715
-0,1287131407347728	4,148543399265263
-5,168591073998251	7,058972065974304
-4,290106639366751	7,249346821111455
-4,908661761025388	8,152911271725639
0,21469386215468705	2,1972752076435693
1,27045471178059	2,982941411642414
0,4978632064530024	3,3851121915636737
-4,454071671970176	7,820453032336341
-0,3152862291459715	4,96999097319862
-6,099622078928598	7,8112641097637425
-3,8542039473755962	7,227119594032455
-6,852818300678994	6,964595602189358
-5,527255322162084	7,149825750965419
0,0393700444656932	3,9450535032938534
1,7447641369334308	3,3855442700445892
-5,795273783455096	5,778114045640321
1,1420190456539072	3,403315175021726
-6,542631963915753	7,089161878086678
-5,617210779965647	6,039325128899794
0,945574325449992	3,588575092520214
-5,448758854215044	8,175537774212058
-0,906384352108917	4,234121077974767
0,48858496504439225	3,3228118525708386
0,5264345770112362	4,810302163900901
-6,1007076165786485	8,24925084327768
0,7946296061555793	3,4275749036139187
-5,447974796114838	7,103051545362725
0,37114815618488556	1,8435886303966338
-6,080113944599864	7,2821638665794834
-5,380094869471037	7,094084976585935
-4,959651563385705	8,955384626080793
-5,909520201698132	9,178636603506687
-1,1140099425934493	3,329982275874259
0,5916361720087229	4,841641560516713
-4,002298049430808	7,7819119079891115
0,48171099465131345	2,34837834654123
2,1862151179141236	3,0682740225093736
-5,624526119193483	6,1971144357786425
0,43780661804415255	3,0225176346397995
-5,145800805341984	8,184139769656568
0,6219387423434617	3,608840185245347
-0,07313253807338682	3,08313024394284
-4,765341226458558	8,464551411424287
-5,991422522774393	7,498861689935182
-6,703433994231847	8,521762657877598
-4,667741855588195	6,651100671706153
-0,5288618452953873	2,2641272708114486
-0,32330170854598617	3,5350647092079357
-0,8131029265098755	3,385793434865295
-5,798075778833362	6,942213769479603
-6,0550570871071105	6,606743934377404
0,1330436442707706	2,6504469899683487
2,0592293664357033	4,020748332830761
0,5430947656242383	3,48865108455835
-5,195982941827494	8,307655295686763
-0,2573766366013227	3,1515413810356057
-6,756371314374041	7,672631836067068
0,5747904775164894	3,856004011778371
-0,4429259096133715	3,1681577477635043
1,1633532792025467	2,424930865618351
0,43189940666462967	3,041694812415405
-5,088980299509897	8,330046192270387
-0,8400517136776058	3,320173015561187
0,4463430717157651	2,620331775012062
-1,488419994817743	3,1649062043036653
-6,031159675665696	6,902515252987049
-5,141148933477706	7,07384385390703
-5,768631976802957	7,816467981472607
0,372363782204044	3,0517530997877333
-7,4009888503493855	7,420430618592989
-5,545304880157927	7,983728519327277
0,42507407024636806	2,574728530611198
-4,730017500278992	7,892873170327373
-0,6134425592985142	2,1421977210487215
-5,907492246089331	9,231707670000226
-0,1701514123338831	2,537634004735788
-0,005928003047690866	2,96600047166619
-7,066430422911285	7,571009918911067
0,8837847072687526	2,7957746604645335
0,5012277742149105	5,039535193946977
-5,578678074525888	6,902781604139794
-5,950651097006226	5,9109300231914546
0,18580195956849443	3,4660995291622787
-7,056060397177445	7,312761669939876
-6,5371453962180714	6,965585377169653
-6,394778147362001	7,5976145303113665
0,6297578788969511	3,1805365630233933
0,5583513598916764	1,7451726962272374
-6,572116362584772	8,301886779696419
0,5033577758634251	4,305087490766713
-4,348804337338754	6,979978663803514
-6,575640825379823	6,939583276382075
-5,24009057753327	6,6753965778927995
0,669410145673633	3,496269053163352
-4,8015635727386705	5,97055460391381
0,48858496504439225	3,3228118525708386
-5,30843782810427	8,307971238162946
0,45014856001587045	5,240367170334942
-6,651787697459878	8,491105062201077
0,3427334157010219	1,5318712618683734
-1,1896686580899622	3,100571403267378
1,538042877227588	4,583065306988256
-6,141667434986283	9,290275382047001
-5,621962009518429	8,231141852187863
-5,172266864955461	7,788826276117067
-5,866266236135615	6,541116183749219
-0,20936243610144578	3,3416612422589997
-1,0104079846060212	3,454039018134598
0,9388834286815235	3,442439148763623
-5,442003971170311	8,22309794269472
-5,831384234055314	6,124989231850314
0,03156048347353013	2,2198125077437783
-6,479843130384296	8,3345083514916
-0,028482128577240418	4,193730856879987
1,3716406952825997	3,2304008025983983
1,9373495711226996	3,4495479315934476
-5,994664880467122	8,212874926973464
-6,894590051669262	7,682276502541462
-5,485384386325249	7,674288072154863
-5,566391878179364	8,168028096816968
-5,631403281028686	8,491293631764123
-6,538159619646365	6,844643165115339
0,6622313428959501	2,49723124756519
0,5496341964072612	1,747836627255044
0,30734484646853905	2,883466846365138
-5,675601897483504	6,98387409519582
0,22351757450002402	3,0507116812435515
0,16500849867948503	3,161979939970184
-0,22137461754282128	4,5717799333006575
0,23791102833921085	3,726230961182507
-5,428340882125279	7,508937061421263
-5,176648779994072	6,23207714784509
0,5538948170410032	2,89403915443627
-6,237115209533721	8,570219276309528
0,7937226448158404	2,5150697294298276
-4,886518085968152	6,349702839900146
1,1786358321531738	3,4959423599102406
-1,0010370882115245	3,5590975617531364
0,3768017001586095	4,923908328811713
1,6569773235906011	3,3070077823970414
-1,0294510957570002	2,79099049123064
-5,751316942128275	5,901719357881261
0,620016233385125	3,5380179578527073
-6,370272727134215	7,418011439698433
-5,018223812775225	7,071386613832481
0,5490063785627536	3,2840599204799883
-5,242989593509587	7,127239804507661
0,6587845947183918	3,743203534242024
-5,0369256857097655	7,749338576428987
-5,4974314969723475	7,535015905927156
-5,652495707063747	8,042995512180067
0,33799571044971194	3,974639966782677
0,14223516235811945	3,674508407526636
-5,498797607044382	7,785477658968211
-5,592743521299035	7,409934905445696
-0,430607571155594	3,0630232691456545
-5,832809048039193	7,202231832052281
-0,45935449226246927	4,843166141128332
1,050661231659963	3,7287364590256344
-0,2818407491393774	4,418545226318059
-5,4082400859887265	6,405876211958339
0,46367536574077056	4,447329435744447
-7,114809819997333	7,648136979280008
0,5176942522783919	3,373546304294529
-6,284578586402816	7,62449589990154
1,8461290424061003	4,635740549741776
-6,1057328583498585	7,288958699038673
0,5557404856716541	2,3194555944315374
-4,05300776818802	7,818982091696151
1,9723867779505997	3,9660770466549975
-0,6681368772022434	3,3804776060504333
0,48795045856629704	5,149732273174942
-0,14297181678928506	2,266428244559269
-5,5275225709488645	6,754846985234988
-5,299296243974426	8,281250265098818
0,5008741393755579	1,9080721158324607
-5,866752441096658	8,811574859771424
0,5002774176815834	2,308922190971528
-5,448378003513027	7,766208635934842
0,6396915914869276	4,335689384423195
-6,2659116537748245	7,8290404633219115
0,4711926877999654	4,120943729179047
0,6145899234821167	3,2928343044155723
-0,18693643725141829	5,003710689944527
1,9872126575635516	3,0721342808904435
0,220724291589259	2,8442515739936054
0,4234735159388018	2,5627454049689966
-4,54709214481583	7,4803539114932365
-5,018510413121852	7,376597163500466
-0,11896936887096832	1,7496213520420218
0,5515845404334259	1,6021529758568778
-6,310525840812521	8,064110790270222
-0,8598922122843327	3,377917182994302
-0,5373237163290723	4,136489029524827
-0,9094881697589738	3,5605783877949326
-6,102214832034679	7,103527905297898
-4,560165958528279	7,8675238815617075
0,8945734417921258	2,4720395833490603
-5,7093566573833545	8,112853579165819
0,3209390652159197	5,132421683530434
-1,3330346113138136	3,17400593614899
-5,718090552939439	6,996656635129309
-0,8318753927876044	3,8920432202973267
-0,4153339827621082	2,4484058832442623
-0,05112953408775478	3,6360213124072054
-5,504648340447739	6,7385615762423
-6,830796254379786	7,595093632029169
1,0502107967359595	3,962164942998936
-5,401243122999428	7,626625199561105
-1,059770266759465	3,230584820854691
-5,291098694502434	8,436559633398346
-0,007591131432974851	4,355697315557867
-5,192822187039157	8,704432787411312
-6,9186309281755145	8,388817758442237
0,25095880122543573	3,99815892906758
1,2208291176660198	3,873141834721664
-4,781774419168921	7,743446411970726
1,385109637610821	4,561557125669149
0,5401030814746137	4,601064965961225
0,06921708908531965	4,3544477915522855
0,10699768224581951	2,014970042223478
-0,014470918229556706	4,371168368466758
0,1597853966838616	2,7656138024235517
-5,560883683184463	8,603498823110343
-5,4974314969723475	7,535015905927156
-0,2776303532802681	2,6179393930280046
0,7262321489350276	2,119841232899283
-5,577471310033899	8,568976236840799
2,0809520638153334	3,503130481942277
0,7338644296609362	3,383657312884766
-5,913678155222975	7,853415326719744
-0,1999976925138539	4,301787068470229
-0,5771761726894071	3,5640398409256626
0,721275789107773	3,3739599606581634
-0,5723051244074764	4,129890664188929
-0,266401182881954	2,409243022621906
0,09556863992326436	4,974623251888292
1,1168962534644442	1,9970015319062138
1,3683140389415285	4,001432692182602
0,5649761018058124	2,0114565106418887
-4,901186053092588	6,2889406194537365
1,5775909035854216	4,303774035741062
0,29933123506972237	3,0577642303622685
0,6825585811152158	3,8239225176925693
-5,5065121573328915	6,256665895678232
1,5886283985781822	3,611290755628569
2,101156723059245	3,059736604571207
-5,680653448473771	7,741467009201613
-3,89764914395284	7,610565946293644
-5,508631949481759	8,250577732676424
-4,58368248072912	6,201966072756965
-0,28961447597473533	3,47464836262046
0,31823582490555713	2,9425837910818236
1,57718996436509	3,509871719486865
-5,965488219933792	7,48900284969045
1,0844562887868405	4,582129589551844
0,03632221878300601	3,075440073331693
-3,702096141502229	7,308162065188868
-5,004169679354106	7,275467119306367
-4,328632840849739	7,6283238614135715
0,1389024112663837	3,9347096226261415
-0,8090255850712145	4,140021278169492
-6,163569122283914	8,449039893235792
-4,889659449073552	6,431482000766934
0,5970627809277851	1,8801296677440646
0,519717123441674	5,021064071332756
-6,050229165897624	8,130731970780618
0,7720752235463526	3,789517586795766
0,5071024415075133	5,294094804391729
0,7186657766446825	1,8560282309782616
-5,200089507066789	6,918855373453879
-6,506844716941923	8,700271324380461
-5,43816787186968	7,675914623105946
0,43656119693275225	3,404127057637456
-6,47371369198337	7,093174620980417
-6,52085164258794	7,680606734250426
-5,2968208705447255	9,047364352014958
0,2965682357540764	4,314486251269861
0,4487037147232369	1,5623043659881892
-3,7561099036477685	7,623607148627538
1,9702419732778014	2,5368514405369336
-1,0208650200778098	2,609597568585918
-5,7984877286714385	7,1099574245380595
-6,717969776902528	8,261415547439825
-0,30189569964941365	3,418688531714895
-6,280671799937533	8,404929907556149
0,2584898819180477	2,7290537332435654
0,4516962291896229	2,065942723841493
2,2990054755841154	3,364270400887674
1,2858337980475294	4,029188196069359
0,7067607703859518	3,839673624543068
-0,2699600638543612	3,888144431123594
1,0696389749777582	3,289019025647293
-5,954271915274438	5,70119975706357
-4,249379815472357	6,769373347049532
-4,729960380245937	6,351226467183749
-6,26207378726917	8,615863772039233
-5,949107057105473	7,492654990983426
0,011067918573661906	1,8447710729315672
-0,23772393180545215	2,4695670145954245
-1,0877601772397207	3,4663261452422
-0,5347091704661819	4,1655476918490315
-4,892148936069385	6,428665611519418
-5,2819293063922235	6,859299210061079
-4,817626104114797	8,623155966966232
0,7253528114134842	1,689242686504775
-4,139784727204061	6,362276808460379
-6,734442384159821	7,501767389489186
1,7334999842011292	3,1223871580354774
-0,965025579297109	3,081455970263831
2,147369314653905	3,264603357316003
-6,1917270542588465	8,044484648805707
-5,301101494851686	6,06780870032848
0,8188553209405598	4,948279046089573
-6,294255022733996	7,253667437618896
0,3436595664758131	3,503763049083624
0,29360150600186224	2,786432248474978
-0,6732013068621405	2,5461034719031552
-5,6209524601121785	6,2654721956992105
-5,63685223156899	7,089683190230938
-0,582112402146711	3,819378589824538
-7,098500558509146	7,658095219707077
0,17482189924932406	1,8641229024653516
-6,2932827307998025	7,568361593350623
-5,183992604962909	7,20801275622673
-0,3428002245573638	3,4520903216783636
-0,48403369147990516	3,630318546395996
0,4535547962616203	2,5085025824633953
-7,145051731847461	7,935615617423238
0,7475676815276782	2,570807522997752
0,5701296249185333	1,9517684648141664
-5,770160324231073	6,266460849749173
0,42128750598557285	1,8057859693129046
0,2730929910853504	2,0688174784414115
-5,976160331284662	8,644885249470827
-6,227613217648723	6,419276693033215
0,2702555487907131	4,978750063312228
-6,836599212323866	8,061288037791696
1,9115404563763791	3,3287752291186736
-0,2506114436186275	3,6842558761636526
-0,039765913608516446	3,3229846790077975
-4,752000150800467	8,646177168124233
-5,423992776571703	6,109865538006549
-0,19554563954951	3,612984548447696
-7,156816882173244	7,474693677860726
-7,141986699859576	8,034913628890441
-4,4191511563783905	7,65873791577916
1,8212552873873675	2,7207764725045767
0,49679101000633097	3,127586090518991
0,6252235417416706	2,0496136020147997
0,2552077592431446	3,344330932324021
-5,678299521827254	7,677177243066884
-7,378451450163635	7,51688693185992
0,38810820853068206	4,391432917788002
-0,19064007409222394	4,830022610352227
1,5617187092151077	3,3060529517408583
1,51463631549787	3,002310342242178
0,6622160551920276	4,215264969368148
-0,45312553891242124	2,7256984546183234
0,4392551864338938	2,7035994529093346
0,130447809904502	3,000494467006212
1,58460677427761	2,037828288329502
0,1408028013553249	2,5964059741036327
-6,05566675973285	8,254465272305337
-4,660715508512486	8,469472834245575
0,28486065866471094	2,1041233854278234
-4,561369475836559	7,973556368856293
0,030794365690323677	3,528792967731421
-5,626358676022473	9,114508227073257
-4,92720842637005	9,084754346024553
-5,385115979638537	8,389079741950868
0,4907112897561928	5,140825480504388
-5,141581312400589	8,603923310439303
-0,6286153138734045	2,7014152516190704
-5,265530090738975	7,623700424222532
0,4580766185796723	3,3875030579007253
1,4532984584550008	3,8549246373343644
-0,42062926411088675	3,5599887820804987
-6,473311148010477	7,255222741256012
0,5026323112353006	4,733941075356588
-1,028517650630734	3,3673602158747333
-6,972522080234981	7,179910629550166
-4,280961110133812	6,497925416232731
0,5294796306577152	2,603670733285604
-3,7231947832191956	7,69240586965522
0,8365500129738959	4,570536610102259
0,2140426085379712	2,6837497083561628
-7,069968749522291	6,641491058937379
0,038189439754994	3,8493076508288038
-5,6200627681467035	6,35640109405689
-0,15345869356219932	4,023220504676262
1,8194127073022255	3,4466233949642118
-7,542949307164399	7,429310663126583
0,47985555204392727	3,792770506321586
-5,603295363823667	8,698579838479672
-0,3598250891615392	3,083792561004119
-4,880959997094492	8,323872320322923
0,794486200793323	2,2682109468454623
-0,032439446364678326	2,2957151831032245
-4,218967710901788	7,69725315403413
-5,111020617387465	8,478607957280175
-5,8982732149832575	6,225598063154525
-0,3468713154594891	2,6126747932920003
-0,07292321655808931	3,649170339622481
1,756811858975754	3,722493455339864
-4,672892673093427	7,351583279765631
1,2923541345672906	2,705062681774949
1,805516149619073	3,2964839113767126
-3,8474793876294457	7,568469009607435
-6,2504645498027465	6,262455437885786
-0,9442195542602687	3,9948630276019585
-6,733110011222135	7,683582908491563
0,48354661031701573	3,2412478802494107
-4,550417372028649	6,784894463796837
0,9936814504456645	2,6520495123539485
-5,532325327006465	8,973108183087957
-4,9089568211367265	7,204620760873201
-5,612820821049607	6,6660681115589355
-0,5300427176564253	2,785785919971663
0,4588511912828503	3,2996945118522265
-5,702259406095113	7,3390014991895045
-0,29540748644731885	4,092048985916911
1,8771087137097109	3,3501894488049717
1,2745451490863622	2,864695399565685
-6,502375633209956	8,783146558815991
-5,790263086696816	8,719673712310529
-4,4563025879388345	7,49136054702532
0,7647540421418053	4,520583207306972
0,19135346308950735	4,394528763820312
2,2827213347468236	3,1671540645261183
-0,08163914037142894	5,074113851221673
1,1182354901630656	4,739143764807581
0,9166594365329874	4,629248586830337
-5,868526522850927	6,805422054869472
0,7507634281596814	3,482340339764741
-6,9876554912693765	6,816780915679712
0,32974389728485765	2,9183646553600058
-4,191226886435418	7,467563276187955
0,7925264528833427	2,370665362962386
-5,316369177839761	7,780431893488863
-4,4931620240181935	7,8080049404345
-5,469012674495374	9,21087587672551
0,8677889172715134	3,2954130873152137
1,8550335234572952	3,2080865391654565
-3,8583755562597184	8,186750053194578
-6,443936657917281	8,572143931149407
-5,899884097075021	8,094998864132393
-4,137111244493939	7,287822321142693
0,49274577691776855	2,4181220106188293
2,2717118165430175	3,546690684994022
-5,347611068867117	5,872347801634314
-0,7818983179788028	3,981753129092615
0,7298328386112454	2,85823106974407
-6,446322686976514	6,941478046431294
-5,229284506634383	7,527315158973487
-5,854111913363792	6,0033023326799375
1,2498181962267805	3,4292892585957224
-5,294838720431397	6,64334363657022
-4,812903250988301	7,653906246696499
0,7919005193055453	2,9651700732922945
0,0996366380446771	3,2156633496296525
-6,255472167571774	7,745836064994628
0,40686122467651037	3,0690978689646986
-4,468126090199414	6,499688145582183
-5,644056825364394	7,009316901221188
0,6918062453812652	2,720687599046925
-5,362854530523976	7,194992344925237
-0,248621160916496	5,0777167963934815
0,47055276534136775	5,229195490721068
0,4279292427089823	4,609595820916185
-0,11431096109165295	3,0227124966238987
0,28378879376916955	3,9232598506499747
1,1145267909788505	3,051342421047446
-6,327029687458919	7,425706187020848
-5,578342670346128	7,248453071824135
-5,280893971818897	8,465734619126776
-5,732429857469904	7,539754043220795
0,4385256489454882	2,060791257309194
1,7052406972698184	3,405981974911637
-5,976936312414277	7,307079833707721
0,5196342804108366	2,859139041365133
-0,15680651497332476	4,115707664169789
-4,609882882286844	6,747764928867962
0,9489886335060169	4,005668208466685
-5,263225228246077	7,650676429200231
-0,5987120013114986	3,035440147297458
0,3986776918403752	4,052522932767416
-5,684035101719814	6,769881813099548
-5,804346804553347	7,080818903823307
0,3277245948130273	4,197605060716146
-5,26131717141407	6,206952053801244
2,083567663832384	3,716207165624041
-5,14041374287752	6,552229006680376
-5,501207415813004	7,456592550582016
-5,809365360202994	8,170510270865865
1,4511094655148218	3,118998971966568
0,2794597082938163	3,0728561506281893
1,3639452940930372	4,660137171869603
-0,4283744468652194	2,7901775591588542
-1,1313477139880352	3,211024110980556
-5,5675650961798615	9,02212469709012
-0,12718575016118738	3,1518133117406673
-5,577004391969891	9,246060206489442
-5,512798277319234	7,306889553857827
-6,647245146960812	6,580939431174717
0,5735446238716975	2,22552946762671
-4,176082325479168	7,4280850136230665
-5,586752011196501	6,231634571718885
-5,160805092559365	6,921327983342507
-6,334282013157162	8,345416620800815
0,4611530610348497	4,7801372678958
0,016509160782386956	2,845208747409476
1,258379617672729	4,004867062834199
0,49086500503775476	3,4270739895982216
0,6031797080856871	3,8030912031344304
0,09128644633475086	2,6377517479759436
-5,415919100933539	7,509058363927806
0,8114470340066285	4,718905985102372
0,44421321454519525	2,1515143807940724
-5,769549500432456	6,514012789052806
-5,011519075975794	7,879232476852487
-4,649573587731639	7,384551841213089
-7,342271323635602	7,707622866936633
0,6865386091066119	3,4922765801739235
0,7347783613106074	5,070313312149677
1,05557416137061	3,7385715681237217
-4,222618533116396	7,255927758056811
0,81333211012885	2,5469718428148447
-5,3867300890389895	7,076105911694585
1,324665450318131	4,234281404918241
1,7282014980060971	3,892222148458719
0,2873804620281223	4,778526693372295
-4,537565276062531	8,25171394815518
-6,324141829051007	8,36219446154551
-4,310222669337634	8,84757419584503
0,2543903296524492	3,062460729572074
-0,678624878136026	2,3249208067779135
-6,286377908766494	7,778725510427531
0,6379423446313723	4,038823259623924
2,12601921473745	3,0506891626278954
-6,224009798177051	6,300053513927734
1,6479983698632545	3,8513381055008926
0,6932923822519006	2,876391134087343
0,4701345114247101	4,779812575562657
-5,632290449885517	8,058685132660303
0,006656497546282225	3,562719381585684
-5,276440068660684	7,229606160609902
-0,6217145947695741	3,951956641506661
-0,47365724889361893	3,064069502121665
0,924922980081289	2,7590429235909832
-0,6075447622782841	3,8120195159369397
-5,5492543554916764	8,427962130864547
-5,844046729103219	9,339811200068564
-1,069396731063518	3,868395925859388
0,8784411212775738	4,42570221316716
-0,42235523236143957	4,017500766422282
1,1164429592674372	4,703855344825091
1,2418018064055767	1,5760221871214153
0,42623527324275606	2,5891592485913937
0,604623225135102	2,9325863123194758
-6,554161753290169	7,469930162200246
-6,062274032685469	6,348872017493735
-5,265185045034851	7,33429049937198
-3,8006522626341277	7,742895500967865
-0,03348027197695447	2,9635108837085298
1,921673834010079	3,8420141545025355
2,3423505890611107	3,4860980400007238
-4,192791365164697	6,660727966870378
-6,1049792272790375	8,486621286017131
0,7937266051780756	3,8210427241795086
0,6069313806271449	3,345608698981924
-1,2183314565263492	3,158939307033728
0,2914203916831227	3,4196173895279025
0,05102867941446976	3,8597098705105894
0,636392326775001	5,288960976463546
-4,371989351314108	7,455891880731756
0,6359221485894615	2,8027587364253534
0,2696195403768346	1,5894143167035253
-5,720743166893106	8,871781106865559
0,29043683751569316	2,7155756885779905
1,2009563899066622	3,5775037924788045
-0,30839305001423045	4,4540044087542
2,1715519318905727	3,0681582188467793
-4,901642182861524	7,884460535334522
0,8064361411348147	3,794666566458659
-6,030605907866994	6,52325496532956
1,1658105716944136	4,659699319683951
-5,557964945032134	7,534304187935131
-3,677563678604686	6,988834992488997
-4,659162005150225	7,949758516693623
-6,431834991288705	6,045856872154967
1,496124156269995	1,8574763294721892
-5,445818981988355	7,762580032336378
-1,4963818154487745	3,4185069362849867
-1,0270908718013032	2,3488810341006734
-0,7008524769923179	3,7423342687435714
2,405804597157803	3,3933112223367488
0,6935153267739955	3,3226082970804716
-6,541281221961334	7,652636805037466
-4,780893414888349	8,34044510385647
-5,208447466013828	6,680099545944007
0,8917154424828607	3,6146848235365363
1,4130987232060699	2,6520920775369974
-5,040862320139516	7,825337499706904
1,363936101702952	3,4716297540644123
-5,240640716340755	6,332890684461539
-5,899712626471128	8,12387009577932
0,254982499765258	4,6816799368476625
-5,300924600845836	7,565145145062909
-4,820111091132957	8,634236110611004
-6,953533853678902	7,420863244605462
-4,6636628605699535	8,666390041588501
-4,961890044258531	8,323188186660966
-5,659829223800059	7,6318356271592895
-3,918776188590256	7,326178054651168
1,1623114655322602	3,1557663656431703
2,1210486161354787	3,4172462395083185
-6,613006085299602	6,647003949073145
-5,535889084343582	5,515057567997381
0,9934247727655173	2,285279320270924
-5,315757765544541	7,505731826799871
-4,289524027565492	7,528262772446471
-6,93882096690549	7,886647592488233
-6,626668729030534	7,121457142428716
0,8400074528131855	3,5768483843812606
0,004376556745522953	2,655551486983418
-4,721569938183208	8,539532015632869
0,36584477478214855	2,712609302125183
0,49596473858175993	3,984621462717042
-0,9736651027108094	3,316632068357058
-5,150471632886767	8,921296120122411
1,8908237473498841	3,6330637807569355
0,8768194732771124	3,2691767390236266
-4,551390264672615	6,6864551614250525
0,8260550668508386	2,307222820253629
-5,362664692018962	6,969630885559169
-0,0850313598129997	2,554989435800961
1,9730836509511744	2,6527143850329695
-4,605228775847564	7,17981302920648
0,48793529639524874	4,242626131436517
-4,880521362845389	5,787857276062928
0,45363531014930414	2,6760727695792834
-0,16794906813338417	2,5069299832087752
-5,441604316682523	7,464214352169433
1,8249920843490628	3,9893913392501723
0,13141954797139493	3,4538978188507152
-4,959641878077204	7,503550614746479
0,15153065581305453	5,06179480284251
-4,5236344949176175	6,720697132209175
-6,2381567917390885	7,116917173283553
1,3529530904514755	1,9498086723551307
-0,6562204456030301	3,777279146762643
-6,6176725303733654	7,000535787081542
-5,4083363836947855	8,301611308431466
0,16555098384673278	3,376178145685232
0,22649255179289507	2,402286396418714
-0,6927201346915084	3,1721138770377824
-5,689342913883709	6,406849433873095
2,2343107123463977	3,8075007389877613
-4,58261394222553	8,632917383294958
-5,569238434568236	9,02396255453871
-0,08027278251525938	2,0744635027699507
-5,780494630420996	6,416925692762593
0,6357672782996335	3,489517339734526
2,3910309119073148	3,5412506403792032
0,7222677510958269	2,210833343114507
-4,764794035626778	8,342090404632755
-5,902556204893806	6,909908262366251
-4,747488342366266	7,432872965949523
-0,5547451731945887	3,97981244352777
0,5740423915159569	3,2670497201952227
0,8220955805790825	5,134235925876088
0,6957204326117389	2,0590867263888093
-5,879407587702829	7,264653430832201
0,54908525854754	4,700644905772032
-5,016055562742316	7,794546253513094
0,3741011751373787	3,957105023886027
-5,127854485722689	8,917962881577756
0,1939045921807932	3,443214185150575
-0,7875608247324624	3,7277725700726805
1,69784557673816	3,4461372530860417
1,695219023993889	2,8317098005339583
0,43439921071156834	2,0509635540985416
0,4577969172526953	2,211584219721404
1,6445855798421019	2,606223110314463
0,5207987441862887	4,779631869857387
0,4735928869857448	4,213826751917118
-5,915402238853584	7,046107073307354
0,22846030039521298	2,4641880578354147
0,227433956303899	1,562326035716905
0,1433142138601166	4,947280392459418
-5,266854811558613	8,627873249641453
-6,101975075324649	9,111625223752721
-5,507371345224193	7,75336753704183
0,3652632986299565	1,665108404775643
-0,28766535197534204	4,210185439342928
-5,904080092003236	6,158424558034774
-6,798773214287373	6,951739144736978
-0,7629994042210217	3,3111604699982626
0,45225118935115227	2,2053297624782076
-4,893533684042213	7,307960388762902
-5,3776247232311105	6,606270480485971
-5,382700136250026	7,315839073473983
-5,5641260233945955	9,24898695840276
0,3022730550144903	4,007341787407483
-0,4385808348233169	2,6309204930374808
0,6599827709398587	3,070238675661681
-4,240177111168718	7,356885215541459
0,47995387353034885	2,4556943654418086
-4,601959546807552	7,602902709438223
-5,711496432488741	8,51325604979074
-4,992946854112004	9,061377344778483
0,48032308285308467	3,943213423388869
1,3665353369769977	3,27080784401055
-5,225286269089108	7,171711607929434
0,4432873664337807	2,1811283774259222
0,9619130185460022	2,7744950258713446
0,6955009460327375	3,0890769755912104
0,3848251160042202	4,068200387603742
0,43441916927271235	4,330432955409467
-5,6554512494403095	5,796711819248783
-5,585016536703549	8,422553547851575
-0,1145521400908609	1,6326409049258295
0,5342036662058882	5,14388281761243
-5,72712085093747	7,107186394519507
0,6596219533376444	4,948609233177469
-5,5477367768519805	8,810004583223037
-4,346386076138323	7,5967992300825316
-5,443855438659939	8,526815050485444
1,2877996217594756	3,5246609591260607
-5,910969598672153	7,23922882147397
0,4605307644678649	2,675297763191057
-4,928765978312171	5,880905167650836
-4,7447113297768535	8,50869353680369
0,4943273092309854	1,5134058491725562
0,6359706582009351	1,4319928357692782
-5,266944866797289	7,614316640200248
-0,6527042350296437	4,014390353743787
-5,709076652502811	8,767362274140305
