X	Y	Brightness
3,38731411225465	1,3222340384727302	0,44301906009820113
3,6247001531604877	0,43728229081506353	0,49380976019149714
3,4370945978038536	0,43672314179382954	0,05919783255025646
-2,2398090327243723	-1,21924765198025	0,6010296338322633
3,5423709852101535	2,2760811038330204	0,5173743916380551
2,532747764364046	0,5695210230684173	0,06737738475282673
-1,2940268344504284	-0,8194052998609227	0,5225501511725567
-1,7482520738955416	-1,0998214577934387	0,7493427977934813
-1,58218504521034	-0,7369275671536494	0,531363117976526
3,9648264754717215	1,107223323725272	0,11038808366282982
4,014187591759367	2,910208152999121	0,6370172606094916
2,3122788102709846	-0,1700113382818076	0,2711703518426022
3,338270223742769	0,12370040053148967	0,04818963835936607
-2,152752911587247	-0,973605794057097	0,7063127940782339
-1,5701203608747596	-0,7622429578361557	0,46563079273353036
-1,2085116919534065	0,44550393487683276	0,8289230798800596
3,4563787505559143	1,9277024262616684	0,06946906037144818
3,254927822872176	2,6533848580740136	0,4877526341615315
3,2852002143230425	2,659306615507727	0,7901316910301773
1,7201969550273417	0,8636493968173408	0,5455337770547858
4,078595833598662	2,2576020234663923	0,7662175464365668
-1,428774950870604	1,5408358624029126	0,37894015536670345
3,2838952147865994	1,3608194986116642	0,0885888692429816
-0,869780245018432	1,5583790053967144	0,4922868615412046
-1,1166550571942309	1,6176972185413412	0,8456846236147615
3,32145061929325	2,3657249713931616	0,6339747746154296
-2,1839660637033926	-1,1123254909005764	0,3935363915179848
-1,5262964142812365	-1,0237896317980673	0,28834794525351815
-1,9464780428792452	-0,8109355658452321	0,026112778146890503
2,4504223877499207	0,4020759817941211	0,4185310478702703
2,084493644357844	0,2239787190628717	0,6222673485957151
3,624348752525929	0,782039984671516	0,8358504738212886
-0,584044790677902	-0,15409514763758086	0,2908790234479902
1,4385269317078802	0,7721392235615858	0,0018717584757008687
4,346315072500024	1,7208298122892771	0,4113443916781241
-0,5891502530747297	-0,28169012504982155	0,7769548380657563
4,010534742966479	2,083563450049132	0,8549603238077693
3,807125801878916	3,1182160669423853	0,30625493889818967
-1,7935459289018612	1,1966191471958494	0,7723354094452594
-1,2572925873317258	0,041899415536371776	0,7426224479863124
3,488420316404583	1,635276458218895	0,606723487718948
-1,6603111262688484	-1,054760833633905	0,7275391537536762
2,3834561574296416	0,7211547686599784	0,04951802532558269
3,1539476037637053	0,7056827587565746	0,49484852445956895
3,260348499044638	1,1378052465767414	0,788263080578648
2,42741665596072	0,4311272523208447	0,9629188767474957
-0,829582727281059	0,13746671519631026	0,8604779850591604
-1,1209262183175408	-0,7851774634288949	0,029901066253769204
-1,8740318083078273	1,558569717679566	0,027052006489966973
3,730799247192244	0,7818150644265685	0,9063362230960185
3,0595619000844305	0,2238857042866016	0,25627389856674454
-2,4707303132303764	-1,4759093026453343	0,5972509607927737
2,4607983326064073	0,2629157740832109	0,0900610107232479
-1,3249049653776006	0,9544361030087338	0,0583733742289021
-2,135340043167062	-0,8886376333646175	0,0628577134516406
-1,7052720474557859	-0,9623575436964595	0,5451495903328238
1,4722068075949832	0,7284006614994154	0,880651290878859
-0,8683799927261315	-0,38226332103710436	0,7762002802903997
-0,7544566556578309	-0,5986963152489146	0,30633312592560746
3,826457793695676	3,104006938673261	0,7501125444691912
-1,7650181825013935	-1,7040201355835842	0,3884796921098095
2,095959648560885	0,8357066065704504	0,75495311600332
3,6450765829674587	2,867960554281778	0,6798038554806466
-0,6212682567430086	0,5252018370499794	0,1537995261207018
3,529599380904386	1,6137170845739002	0,23971590168511714
-0,9719089214124952	-0,5149418823247475	0,09388314646602292
3,601035897344915	1,5195104039435634	0,9917617519735439
3,6537047218152527	0,6787084409696069	0,8059380648111152
3,514097348340546	2,112694605938439	0,41533206782368837
3,505127412421209	1,770649914959358	0,3892342204469478
-1,0926162822520653	1,1694718073313617	0,06422400553507546
-1,3374354791599479	0,9368139409724043	0,12676575019138547
1,8672940781361291	0,7358851330521137	0,6655738324096946
3,2325816252859734	0,6856668469926719	0,71555337084644
3,4835277606753334	2,8097241330900693	0,9811212462763047
4,0615982958182	1,6121873325119573	0,36836976971173807
3,270454516640407	1,3347610851504927	0,9911053728267565
3,501270973856375	2,4218284158351895	0,9227562010082917
2,9444787512814754	0,3349819987855054	0,2806029324527174
2,507091053237617	0,5325274530370496	0,8723158322598608
1,1063587077689243	0,5216334846185353	0,45598030874296125
-1,3952717063265254	-0,6903967210026027	0,768914115384949
-1,7077244116285608	1,5760507061063866	0,8701521595274769
4,098196073119784	0,956081805879827	0,05066943502829624
-1,1796530011121558	-1,0446334763507987	0,27183105494113813
1,3427086896362173	0,12774829210737737	0,4861742124922902
-0,6784739476750099	0,6531468845929587	0,921334448340097
-2,103111494570396	-0,872139108752068	0,1685247392882402
4,296834042025912	2,2020251184601998	0,7427390385585535
3,9705072540663653	1,8029267776982343	0,47975124389712787
2,6295399613650714	-0,12404014697811361	0,5205424327437783
1,5374375947192682	0,5347128081440216	0,7974978856109745
3,3402577807986287	0,5715098482498291	0,9241777309907224
-2,56361396899557	-1,4240833319366608	0,6767264987183458
-2,014304596842962	-0,9148470534911244	0,9603416072980473
3,108708490967078	0,5228922983573743	0,9441789400887415
2,239491240378199	0,29237027758804945	0,8785148920012947
1,5584895430010528	0,601106498995823	0,5381214658804031
3,1621656337497397	1,0890659830599436	0,05224399322813955
3,8153486476895444	1,416084777973731	0,22519491012874016
3,600824105325312	2,6697614958659384	0,957253765355921
-1,5661071124443524	0,9330706568946006	0,8171195083195826
-1,1459845576358572	-0,26636932063102914	0,9198857808701021
-1,2063038081726334	0,42473644208089006	0,008429133432829805
3,3841957123258757	0,6133959680002794	0,6915778730260498
3,285350204008264	1,0804242281324223	0,4223389723371531
-1,6080414493558493	-0,9584279042523192	0,22261243072052672
3,482454395209498	1,6685361220514792	0,08336092130821704
3,6966116218141405	2,285190272159813	0,728411529927833
2,125601996664952	0,37498165631716196	0,9933714972176511
2,26770293722287	0,5511510207631471	0,6402442529617725
-1,7239439120820648	-0,7649166419694023	0,9589024944471383
3,7975678184055583	0,8039111068993703	0,2721555858787784
-0,7421493403477804	-0,05250538401311214	0,49626828177271265
3,4007238842295644	1,2465753134267943	0,5416776666961145
-1,3591600294089647	-0,7278623672547694	0,7173992502950053
3,2038245960630154	2,4879113945815217	0,9202939592719804
-2,148305982095678	-0,9098678549150607	0,2876429080545232
3,6261579455202275	0,7159465624039054	0,5400808186501147
3,8069141858766713	2,2305720156534674	0,6484913923927599
3,852803945970904	2,0601817012891503	0,967604189842632
4,238664488330691	1,1230634888685316	0,28302570839378416
1,5792916556713148	0,8081006526424672	0,26338359708751125
2,4401953298413632	0,6808016282311082	0,8544848286124646
-0,8029137152467105	-0,18934489545633326	0,5196285370122152
1,6099203996389642	0,8299024228495913	0,23112005665437552
4,0938303844901185	1,4090682736762183	0,7656297854677361
3,585303923962931	2,385293052817336	0,9667996221813794
-1,2411316352922008	-0,7409203273269525	0,8155698984809397
2,86617303527951	0,8603560257201068	0,9884946700776742
1,330468787695652	0,3414542885717404	0,5516541759893219
-1,7071030513372305	1,021538494987096	0,13280972870998653
-1,7136076476230149	1,4999264984111862	0,06759416644264582
-1,0319760604571295	0,9884073784665676	0,926530532995619
3,151587134525423	2,5637191872834877	0,27555462747325454
3,7921579369138243	3,105115259367045	0,7536631667692194
-1,4781301162245197	1,1047062141047883	0,9390191369181896
3,938228151817518	1,2897468910964967	0,6708067453967224
3,105110953673423	0,06912060459222791	0,0914948273706696
-0,8958602842884305	0,5103898697237168	0,7315027057010528
-2,1659291271736367	-1,6406559844683666	0,3950110627504694
-0,4774149035682853	-0,16174582702544604	0,0815095758284401
3,0699412691868404	0,8711149602680918	0,6755894247256674
-1,4860383020127232	1,0109410059720183	0,5466416561882708
1,8481770251960539	0,01935557657360265	0,6859910840485073
2,061512897542334	0,6068488905005069	0,81893551694272
3,3719926581000648	2,697949642574626	0,7192044584833345
3,295833324551183	2,3644984843627506	0,3942558953504014
3,6731598999728847	2,174845754336372	0,9936548495338565
-1,1765692070303149	-1,2067073564321489	0,1739730754524198
-2,4254811980325766	-1,392523526220095	0,35990329961873313
3,472305710332618	2,29305073525018	0,7523321156606284
1,9593259081640872	-0,03139561277602265	0,9569061708675793
3,7422403212094375	1,565238865168153	0,3241208838260504
2,725273715287406	-0,10768341153022365	0,48564401426585435
3,7795000110527157	3,013835882600657	0,6780037824883667
1,7545500881846459	-0,09042218270327274	0,4516457408587332
4,109160682859759	1,2658991083026017	0,45972661715314145
3,775935686585015	2,1573275584115907	0,46940904342604095
3,17173783354206	0,36987405712849686	0,8863191859031849
-0,9754356360384375	-0,1836368261737607	0,40967862325423
1,68415164115723	0,036080099117585585	0,9233603356456923
3,6249438918215184	0,8048511209856091	0,1941241730419091
4,0537699606594355	2,0962780277568216	0,37808130347193425
1,91503793862104	0,38413764538814466	0,0946790408974868
-0,7744579226581705	0,966351454377538	0,9481775134515796
4,343223214396914	2,0896324743686723	0,4906121281420873
4,26244674789131	1,773226175594845	0,907097125853534
-2,03843095230138	-1,1135953350503827	0,467956107354647
4,205331680524129	1,611506959384832	0,8233779418596792
3,2529796080858886	0,9937599489923798	0,07154339196673343
-1,535538857707655	-0,8027203688321616	0,8126027380746365
3,6847840645381336	1,8109579819107555	0,7559280225175109
2,832707781629131	0,7129254407469587	0,37047505678869264
-1,1653161449117004	0,7166520221061681	0,4478689731855737
2,3264348496374017	-0,0335531482253022	0,06829330169897108
3,6784495038808416	1,502309246266915	0,9665727443058477
1,7263510050531674	0,5095202096037879	0,8793106527846087
1,400640027602285	0,3872427130899685	0,8582249342337406
3,599833919140199	0,5739770777387609	0,6333673000989369
3,409075715149113	0,30427524576770715	0,4204502980068353
3,530577420019803	0,4151021584225354	0,3512013853084327
-1,286070825896696	0,8479407450330199	0,5994307619647918
-1,2480714013188519	0,4083664274596177	0,5418905980935976
2,1786785493106215	0,546121901756146	0,02875568807017037
-1,190251343814365	0,7702040623953574	0,6897834230346509
2,137418966402475	-0,12586217273175504	0,2594050015499889
3,7607206543237712	2,551369769269118	0,5088575551147526
2,235621555793586	0,6145622508806843	0,5109640344083022
-2,380984280300581	-1,2409346181290277	0,3895833420521826
-2,0166707363600245	-1,4174322263777677	0,27169581551174427
3,3986931182164675	2,546342196073856	0,297317117478745
2,38878313735232	0,3414961292642502	0,9764136201502844
1,78503767562	0,023693566666983523	0,6909592154102873
3,5252367081895084	1,180039928254723	0,3132828164263023
3,1681001274150855	0,9563365797887957	0,29195033763300215
1,3283456256138453	0,3809097516959732	0,39929318362179334
3,407772772590876	1,9974070731140159	0,6826663415587713
-1,945912285581952	-1,2058393729673091	0,6546061276137287
3,6903814484123747	2,5598883253295783	0,9097144274518744
3,5032337901976867	0,30290223103423264	0,4524932089769653
3,02273063042347	0,5974484829155366	0,886595363578271
2,201064305772274	0,0008991796808401897	0,919218015016307
1,7587539925587419	0,20512382757808645	0,5942751247946982
-1,714099370600965	1,9878918053441044	0,24756555035971317
3,158599280267648	0,75554893583089	0,743550442118194
3,611317564738423	2,326553730569885	0,6394525032409466
4,1681782352033885	1,3994138348675627	0,8432780629406791
-1,0716894555199583	-0,08416520926427212	0,6558428716263218
-0,6756060448868311	1,3123613334270643	0,059421472402013786
-1,0014523487612166	1,5740116075174568	0,11451621219456654
2,791676854119215	0,8422083009169317	0,26271882261917656
-0,577181883746023	1,151516429620709	0,5162831374092003
3,1762607979762847	2,591697379182766	0,982453370138752
-2,6092284579005325	-1,5496102724571283	0,23058582617117762
-0,7823488479757204	-0,2912747579385405	0,876157882501823
4,147253730038511	2,3808798196469834	0,42648808059956356
3,556005549706736	1,0034349083402543	0,5545625549067664
3,239077104338882	2,5069973983572	0,26065011708267505
-0,976767035758457	-0,7698988260062298	0,4324087443993574
-0,4301478055409045	0,6169551947851417	0,7204053357934916
3,298201306511996	2,425591330093974	0,12111578046114624
-1,07108706902702	0,19058920524597484	0,9305013477856424
-0,5723575563105512	0,9185479717011762	0,6495447057540584
1,393821844550387	0,8097076215410687	0,14320037587750412
-1,3790703730568517	1,0680797940151079	0,3207011380590282
-1,7783846898357343	1,9726053641374932	0,11631859151248547
3,4101351891962897	2,4748016896985177	0,015520946088682819
2,5064572180850826	-0,08108165365676889	0,17158891928162112
-1,2601434271484495	-0,610636544326457	0,4757531954408143
1,9330310973850708	0,7448871382789501	0,34178833552123133
3,710644116105911	1,1930744696995328	0,34716873968955697
-0,6826388588756469	-0,4681795382444396	0,189526751314814
-1,6005193841923253	1,5963608687911206	0,5785735632285999
-0,9496739201807485	0,8415684550358327	0,6278060712125095
3,6588163541939807	1,2156289171859775	0,3880432858676657
1,7756748608556467	0,7328875032692606	0,45603005392521334
3,8774729825003393	1,5345024460264467	0,7410513064942598
-1,7040843542978903	-0,9785235869610511	0,6104966821796478
3,9289707813821866	1,4510188239516881	0,8091137880918562
-1,5964776737897082	-0,9647724865400273	0,825268129454919
4,086869045095758	2,204170077398839	0,009094234888711417
1,9490116015326577	0,15187865846996207	0,5099201248327583
-1,4399147302938744	1,207437051173164	0,11096600706596393
-0,45481903603026375	0,627457922032122	0,254729114468351
-1,5016372967578202	1,7910203589268616	0,606801573551263
3,2165427469716588	1,0341484652873993	0,1448798975465978
-1,6575453687682582	-0,8910880716091711	0,5713141170902261
-1,112986148826934	1,6603242949617738	0,5288784160231566
-2,459216802530233	-1,0804452744406638	0,7084504113896639
3,969981238045162	1,1629899418755212	0,19606726520486994
4,129248860610498	1,7683191542542391	0,7236822593050161
2,4700345596018143	0,497705649171708	0,8731996533837555
1,818364115111478	0,20916925179517598	0,8569987050998487
-0,7228776811852513	0,3160010843798811	0,42529169694503655
2,8871671541952453	0,8795546977743898	0,6588582829258658
2,4569540399006606	0,6839231839085627	0,6637217975405602
3,9445438985869563	2,3716253863287604	0,4092559346793191
-2,0719493622424454	-1,0772389191588854	0,946541530469421
-1,3107829196927543	0,5051297163961119	0,21210792642878373
3,6612635875995485	3,0751393920741483	0,82205526569994
2,3612188314415024	0,5526410862137845	0,016233483246374525
3,773603296028167	1,3583823945731612	0,010943062075914223
3,422326630805225	2,8028779980873746	0,4515540448448425
-2,0846952616424064	-1,2935151651120809	0,4859515875616125
1,6141220845625952	0,34119358391130783	0,6988030451598886
3,507753679477425	1,3077778570284304	0,9096507124906871
3,2503233883019913	1,0315438720720373	0,5646994045338009
3,8010442119840855	2,921831035744805	0,21210007713016998
3,5173692986943332	0,6815919887395023	0,20199269201676717
1,87249905578195	0,4788509369626952	0,5763082562955102
1,8365653574639533	0,693792620974381	0,2720274177310754
2,800787106166325	0,23784299987724	0,5639588306934132
-2,649540392872396	-1,5992335917639653	0,9293710592563023
-1,1963765798332968	0,15381031466301207	0,5055713157382197
4,045893824327401	2,884169324258308	0,21086999797771933
2,7923651685352837	0,8669577883359313	0,881985122542862
1,8167602859774168	0,9288475470545309	0,4315515515887496
-1,7070876639501151	1,5075923556038442	0,019300445266732247
1,959547091235392	0,7786836991116166	0,9593682089580836
-1,8009110427592434	1,536523365873943	0,7839161058564124
3,095080674045529	0,8806509138757447	0,17170814513670207
2,2410382471287806	0,7424828993144224	0,059021296992140204
-1,0960003034945394	-0,13567229506828543	0,023850355443344906
2,0914317223480503	0,705529388518602	0,9392708857358463
-1,501553058642825	-1,0728281444214216	0,7804633448719954
-1,3590753924879269	-1,5027240962337851	0,5742905453508018
3,681436890579139	2,136335339783325	0,32738606014049565
-2,5505586226652732	-1,2380934621735638	0,3136366928036929
3,568207022737165	1,0278403576620834	0,9408569108417748
3,978061458520925	0,7453904763909409	0,025990770873978386
-1,1272321693981908	-0,8395399309818625	0,1765415428398751
-1,2838440206687516	-0,43817952351944656	0,9264163348119546
3,7917491333620124	2,44991562228585	0,40672798792467957
4,124721193568703	1,246820833612162	0,47504533752869893
3,3889352340548924	1,1653152178712958	0,07339994881806744
-1,3794303531429537	-0,7650098466182707	0,6232620999893663
-0,7140283660866349	1,1127207960305512	0,49422713100126925
3,85401449457894	2,5475578991419074	0,8592904217704486
1,6058434612186905	0,8389298241251847	0,7348664436044355
3,8747052544973206	1,6754236871363353	0,23656890902607952
1,5580042223002066	0,92635413704041	0,6570917480484983
1,8350949585898133	0,8910838548823036	0,6300143980423367
-0,486586763044909	-0,4917596781321103	0,6882338166509087
3,1305323487767502	0,8490850462471191	0,2398709748725255
-0,9092621220095114	-0,4125706493318957	0,04704894089375444
-1,3017387734060475	-0,2794777774577026	0,920628917560637
3,2700839985714913	2,465036684630867	0,3474695370237977
3,4738524681421357	2,2614404157717365	0,9658887086119637
3,9269941997888793	2,481547914571127	0,7488554325230418
3,194631343765267	0,16172236117580518	0,13735357784385727
3,911935207033448	2,8237305099568495	0,895470751214913
3,709038333181023	3,014333178325839	0,2844614198986114
-1,265841910556731	-0,18159267242102084	0,37751605805299904
-1,3853668682174813	-0,29406493860785976	0,6308484605579424
4,351471505299337	1,6754895532946978	0,717833122133943
3,4877470574418723	1,8888127346131185	0,6293687346327699
-1,3585281015489779	0,7110256010499632	0,07263810151272232
3,624454038256564	1,788552058091382	0,9358263384231363
3,276016597741732	0,4887355171138634	0,963591968807584
2,9420628575182697	0,5649912030371975	0,7255195064434262
3,4220456480098336	2,4445825565939474	0,48485596925753793
3,567063040061363	1,4775822839916053	0,8413787663949975
-1,2840569046618104	1,628096469664468	0,7634306947847846
-2,409831129656148	-1,7802557179748215	0,44631998272489326
3,204833680081699	0,20507251243529634	0,21982770686893838
3,2788609391641614	1,1749127622152493	0,9506131213599583
1,7772597241461774	0,02383915442639184	0,3671321566766462
-2,080263264317803	-0,8050038112375977	0,7159643455817749
-1,5751442268193965	1,2347209789855753	0,1592612608406232
3,9198430885203184	2,946482790111561	0,3616937976364696
3,0998420823342654	0,9035534576638276	0,2814127521240656
2,184418359941872	0,5989782798136596	0,08580995596155883
3,7788875920581546	1,3247016085363277	0,4921921830771092
-2,022582177504015	-1,4289580518301697	0,15521748195621898
3,688747824820087	0,44599574655437046	0,2943926616738982
3,8427726598204135	1,0508898616870639	0,9854258206602697
-1,2739399546180858	0,12968654828335388	0,4291501549444179
-0,6940092184841111	0,5048090508293314	0,5754946549564052
-1,623899045099426	1,866138160411895	0,8770052313702967
3,1885064218025962	0,8583131485778627	0,6146271021586694
-1,812084048687643	1,3047367439464432	0,7133845088627401
3,868411466793318	3,073286849951236	0,8631833175119284
-0,9264577185049305	1,306180246764449	0,34823456033886513
-0,8242372157836606	0,10762049916872363	0,35310455127343765
3,1722472037163865	1,2087773554392078	0,5850906035696816
3,896818714039589	2,2946872245323373	0,12052743247130548
1,8332554096750615	0,9241014578232315	0,9181412675702642
2,6994468229989934	0,8553355401267868	0,5378003878476929
3,9491133340060878	1,008864621511465	0,5633150336654155
-0,6453494481287891	0,6784131582732877	0,03455388538362203
-2,18148727576514	-0,89882804041215	0,4370742100672329
2,413422047596544	0,3818138596578615	0,8515516043085406
3,5230324976449907	1,8370996849410113	0,5328191511914482
2,804074127312677	0,6663691825950062	0,49779641296087573
1,6185632960402674	0,615957775429534	0,34802384081906956
-1,7398116858692094	1,7061770520728634	0,9397530519348064
3,910499878867358	2,5967610615442194	0,47276016590027714
-1,2245465385956809	-0,037639470617576526	0,32390523276530914
-2,3039998280962255	-1,1139392208677068	0,4282841699435058
-0,9926945927918518	0,502349091469713	0,7913698643747913
3,3778011730245847	1,2514677252114241	0,5328417783351883
2,840758129512729	0,05043401130274194	0,70738781455811
-0,9444158553428452	-1,257115743874195	0,9992424377663451
3,5683368441409486	0,6498321242555571	0,4272162923409183
3,9793218736767466	0,9424353970512291	0,5182374656749309
1,2773182948455994	0,6991262056454746	0,6726373116397993
-1,7141016705895618	-1,3036361684036195	0,8811687447543483
-1,6589913595922463	2,066324992098397	0,07132460088530967
-2,049358258623934	-1,1566984793848074	0,14651234442769956
3,4260699377537085	0,7199779435822078	0,20565430012069286
-2,2587304054204225	-1,7917192173341039	0,10338510399932932
-1,962459127999241	-1,4139860213460467	0,6008042159983176
-2,2257730052235205	-1,796440381809316	0,8088332317739801
-0,8573655622289502	-0,06978464948928975	0,8944085701383958
-1,716018932652695	-1,0456025867739887	0,7671241576026082
-1,425176168473067	1,3007850228077107	0,7738557851427006
2,5262781030431825	0,6115451384671129	0,9295494670219445
-1,4225473404324127	-0,49372334841295207	0,64443925162483
1,4444164160564819	0,729311900973681	0,7340981999447865
1,678474959812676	0,42140290755491905	0,48303753913900294
-0,5390263702416618	1,079471413190432	0,03266442348040477
2,740843532625597	0,18828297133833694	0,9988097807079019
3,089183191675347	0,9165974508508646	0,16023547716426156
-0,5851640125344937	0,26222895958511794	0,5368657823377232
3,3066996798322075	0,6690982402407413	0,10184048870645346
-1,3328105376925419	1,1817248599800014	0,3940571422521243
3,481017468547091	1,5835462151024529	0,2907852733657368
3,4012404629118826	0,5071759842992409	0,2565058562270667
2,558665111960755	0,6558157645990448	0,2653593243632498
3,2413007138759773	1,306305882574578	0,6667134295274864
-0,6586633413229186	0,19919181630359656	0,9114600097232396
4,224280285854409	1,2190284401792533	0,6332793874370104
1,7251896852327555	0,5801726885208498	0,3301112929714286
2,047774743640744	0,6583079932688489	0,1514918818307599
1,220549374128216	0,2933935246326185	0,5354021441491896
1,7602482021565329	0,2891782712445419	0,7021040366644897
3,0488493080754226	1,0638459969001468	0,038674027580485104
-1,8925379160721791	1,3574472516870686	0,8170155427613012
4,099042626334122	2,7231018674502994	0,7998009131177088
4,153008165173912	1,1050641148274503	0,619453013263797
2,162716075134371	0,7461617058446013	0,15655150568913123
2,7144742081243773	0,37891841453249686	0,8069049208124046
3,2261174432759057	2,471177092306041	0,3649467080583886
1,562615349099424	0,11859392251418521	0,4043777909094778
3,222444781928266	0,7104659710147088	0,09160322924212738
3,906000657934219	1,3462300103477896	0,09033379095525296
1,884311319104698	0,6122842007557376	0,6700861982939682
-1,0233824087649555	0,28996562791645647	0,32296594747968355
3,4015953544041664	1,5169389991587408	0,9109798597896072
-0,685867541775022	-0,45495848478808076	0,48000054998848063
-1,011309799436537	-0,04904438803222014	0,5063317054384067
-1,1228022944393383	-1,009025934293726	0,1958884353563779
-1,1156863517154774	-0,3259421341814508	0,694158251053274
3,5958079791577124	2,168742803289902	0,7874930011527337
2,922843243682989	0,3375584676380503	0,4285798016997061
2,3795677534837436	0,574358621933658	0,0023531354891168643
3,5786959602562396	0,25105727951857015	0,6525971420951504
3,970589641450192	1,1892601299654157	0,6898608710174887
-2,0525079068240113	-0,8403771396171806	0,4002453885994832
3,188280904297538	0,7539223656616065	0,9265374839642606
-1,280970019899915	-0,23117942630199773	0,09991734626115822
3,4701796507159997	1,922789264438062	0,6917152281656112
-1,6462907866312693	-1,377376064330245	0,12698803940974768
-2,424622200134185	-0,8938913964331885	0,20110016546140363
4,039186567725339	1,9257558180788923	0,26594255121828103
-2,2039409103075362	-1,0926744268354578	0,34706394479697267
2,9060129171448317	0,710204417539757	0,5032251265506493
-1,864254774775013	-1,6201367057294145	0,9784367542346152
2,6382855993424292	0,4162080726993094	0,8312414492223382
1,6812563095155197	0,8400537030695854	0,06604889530017033
-0,5748815691898002	0,7443092549967847	0,387737888723372
3,616854334073871	1,8104964815529634	0,0905449341049005
4,340872186076096	1,9803254449817915	0,08426057876616211
2,194384563764276	0,4599184955885627	0,13337954287016085
3,66066316082686	1,2803726425272648	0,7059331817120412
3,749727168388606	1,688548388733503	0,6626796379363078
1,6105026684962525	0,6986174246306418	0,6096167388712095
-0,7387243112424966	0,0714451776584934	0,7350852115478576
2,6336882394998953	0,35165674655303203	0,7469121369687715
3,8795579231543815	2,5195512875182104	0,196931346923384
3,359191832018584	1,3004728790944955	0,8323720459468501
3,671033124837151	0,37036152375853315	0,9107177476114563
3,6545931301325867	1,1328182256147807	0,5663645657844265
-1,3431200763716544	-1,1783998919068206	0,03252187470227341
1,9313612155551607	0,7304097512675183	0,28137982798475103
3,414002500967641	1,5602236949706023	0,03550236094800685
2,3527211587363484	-0,010733827952432273	0,00042137186682333905
3,512292396555628	0,9475407282220039	0,920401428422136
2,7744659863397723	0,8836706436089423	0,5963838743393819
-1,3904581909599174	-0,9505184997787608	0,26883155483161003
1,7466318360798674	-0,029246328910604635	0,23606534502249243
-0,7461153101762705	-0,034547737993663785	0,6624096784422255
-1,1511009868854305	-1,4163764623008708	0,11771440703527913
4,178047384542454	1,2232924101393008	0,4548480649225777
4,144823035023026	1,1503110993534897	0,7773864543773727
3,634588698406465	1,9197169781676062	0,5764752519939602
3,5698826715438496	0,9467044679427723	0,6059484176611979
-2,4105198865819832	-0,9948853394562833	0,5095326976879017
3,8247207875251052	1,2620253820774048	0,6640052619207656
3,226918826052486	0,823632207608106	0,5128620712544408
1,7131660087573846	0,6456084193787848	0,2247785847816861
2,78614607216263	0,09769585952313364	0,2850929039337433
1,755343030774092	0,16937334492265155	0,6536504362968423
3,2080397799083635	0,8225555130177937	0,6381389184930379
1,6284311813105545	0,6143508224691303	0,6148915048039345
1,4323712927812329	0,6913022137939933	0,8508956003677666
1,8244114573359624	0,46221957955523996	0,37898636649749706
1,5154004713485443	0,2673561873919694	0,11429076927583104
3,6930408222668247	1,9005697173420613	0,6532392067466286
1,963975016570553	0,7825866461039901	0,9116687451011746
-1,3351530946323382	-0,21041371241667717	0,041728419032666775
-1,2526892239858165	-1,1728236534658607	0,5596561165524571
-1,6416259307221983	1,5066881304115456	0,2628789223103116
2,998277225770201	0,4613766214945523	0,4822585511337347
-0,8221621138562472	1,429661739404441	0,16234592545569104
3,4855299229794716	1,9103074803056574	0,08973444906146222
3,3778680963936756	0,5895106736276499	0,25189124086366377
3,51091888695129	2,1224604756743806	0,15601204808962166
-2,015218692604788	-1,306426187646506	0,03908929962772523
-1,565471468381479	1,7282897759753466	0,48331445277890683
-2,437597690060914	-0,9008585743618813	0,5378401990031388
2,7133782943679883	0,6308950540212817	0,45316094575280585
-1,065118361617356	-0,35002509893845035	0,3040135598801047
-0,8862082070808004	-0,3868941655509194	0,23040461000703538
3,3665866753906744	2,124379325072322	0,9256641127514067
3,401921544669853	1,1925964412713361	0,4646461458859662
3,2781991295835757	2,5182712225645782	0,8547998040950499
3,749448978138679	2,7907302149161977	0,7517584472617366
1,6483904428829654	0,18466100854232437	0,33572630436832773
-1,404917592368864	-0,28723709571807565	0,2547654114977074
3,6414362289488538	1,5436219893649157	0,5630753548140339
3,312636054281092	1,1720032203559836	0,1601373928123253
1,9596311655791707	0,1867573842936121	0,2242926852240178
3,196384678281717	2,4792563605191984	0,12572413627568324
4,217068431732413	2,502516476853261	0,993626956514007
3,7421387786746574	2,3080786944262743	0,7071530190501336
3,497855637698141	2,1480908936230465	0,7506432824186419
-0,9523517104660684	-0,2487248432648938	0,8061054711200762
-1,4126097633724326	1,6002360631986485	0,6260361070658015
3,4551141555046136	0,7943043330653154	0,6313280027702187
3,885463339247204	2,3601188428527085	0,7809571671347175
1,2266964902678548	0,2284425013450051	0,6334071064718165
-1,573762178159182	0,9987483640787279	0,13498621756349893
1,992780820755793	0,29011852563221274	0,7679206465830752
-1,1272056865013729	0,677852790582197	0,4863365227858871
4,075114992192524	2,769423295098456	0,3142896522691786
-1,149437630103294	0,01744503861718591	0,5205968022848892
-0,8162148241012479	0,6379144352180461	0,7614341352015893
1,850208189167544	0,9363287987215221	0,022019700388510977
-1,0646052976347324	0,18364492621744194	0,6235092843051353
1,432894149720934	0,7148940208561658	0,9160225445244715
3,507114582422358	0,562448116187849	0,41644131600108913
3,057890793938912	0,15505404204484496	0,12588643047554704
-1,9500613888717537	-0,936086986636061	0,5065102255322682
3,3119327975925223	1,1749626027572837	0,16899368219564737
3,255117707949908	2,496093744889567	0,21757950413384153
-1,1833702744001386	0,7401197542185051	0,28100467120511485
-1,6303963863827506	1,8979436064910247	0,5902323767220345
1,962743173060441	0,28705550684029	0,8866522213476465
1,638150858217875	0,812110751740897	0,7668086773937031
-2,516167665219338	-1,0544301822420157	0,36637216888113167
3,6191680066776892	1,4726638339127032	0,3177256080949278
3,304033395286423	2,654619933831376	0,27757236120390527
3,567180815354117	2,486787154649392	0,36944405768842825
1,3160565465406533	0,18272311287090104	0,08613428300460257
3,8986850737730663	2,441274035406	0,67111929205674
2,6631268001188926	0,04836842662452723	0,8680372361535056
2,6801644057586866	0,6662099579171157	0,44405709487429135
-0,3842934024495319	0,5089630951910072	0,07510116064029193
-1,6120329627018173	1,8427803699341367	0,5192475010721145
3,3935172754243235	1,9926901466361093	0,2612391686439799
3,5905122833308702	0,6706405955143424	0,33906958860628655
1,8100587212244954	-0,10238878213569436	0,6651092355352651
3,7141211037138073	2,8954804555146048	0,28921994229221826
-1,1179830973781706	1,0813528716349814	0,9971153911402924
2,541884843997374	0,23858573660122318	0,3801665508976758
-1,0168134147032875	-0,9589736775569508	0,8191073474036986
3,740844176430401	2,5225314229706464	0,2856512780366499
3,3963035147483875	1,1874201544792546	0,5499569845877117
-0,8085806364854942	-1,0724881855567538	0,09970421083391934
3,991040169316009	2,7360707168299743	0,10615410148641324
-0,6070723618737479	-0,045114291118410976	0,24315904405899158
1,7334817362103885	0,09661652478808813	0,12907364465702142
-1,697984603674192	1,701534628551272	0,622680160024444
3,370862433449629	1,7349505801306628	0,3855857965931454
3,2335643320283385	2,40610851216627	0,6120770522988824
-1,6449798212301658	-0,6005455306989218	0,6928764174223097
-0,4988919136788257	0,3197893702906496	0,07940674455645325
-1,0855716223104634	-1,3112241407573948	0,34833494156198563
2,6762835570758745	-0,1325270703749779	0,6548561703738058
3,0468171212376216	0,9567574237641354	0,40922444224460874
2,9526611648197347	0,6441022630661251	0,22624536307481768
2,9354260030839163	-0,07770716846629755	0,5589394430100579
3,516401310963767	0,7838579777640378	0,2962838891316053
3,1212889411277214	0,625937457835184	0,7978822719117747
-2,1092099991402358	-1,7914852536992907	0,6826869678897005
-0,9602380089691918	-0,2496913130326206	0,007585514709074759
-1,1293431341674225	-1,1253409414750488	0,924306147812738
-1,6601826327370288	1,9674610497147396	0,9634695643299113
2,7083583467445944	0,0003457571971443585	0,8474166309730091
2,875180860684609	0,20986164168235932	0,8531739620586478
2,6878463656860574	0,8078126051490315	0,3955017748141021
3,37491193001087	0,6216804718213416	0,3460991681556733
1,577843597128046	0,6316640970939269	0,7268996234453833
2,5818026654842026	0,39157652595110526	0,5896872451484914
3,85084747376633	1,2475190303657553	0,29832253744902815
3,962687801522039	2,6129824310207885	0,9180441383235172
3,7655516917889953	1,8163489613841577	0,9540177094277053
3,5191459540748165	2,0920749765518707	0,4512829728931643
3,4508078940874163	1,6898674754183574	0,48253438453023634
2,505227135470782	0,1338439837139096	0,053835709392071274
1,8612779539595838	0,6472259218795027	0,38802841501278096
-1,4382986644844897	1,8320264515543947	0,27716125488772225
3,9865475326054525	2,9261368851410197	0,847791402578359
-0,9268607232912733	-0,13908608082681928	0,46477371286383784
4,195336118281173	1,2444659946162144	0,7946413346510695
-1,2193197409259593	1,2178291925621083	0,8214679739285945
-1,8766412314611305	1,227680177146112	0,6372811520869925
2,7811095733004514	0,8004215357473738	0,9132886723522866
-0,802098406454018	-0,38474990265024456	0,3527407063132988
-0,47283367367510154	0,05605281565490572	0,8760890267398987
3,0868007574780236	0,10849333420091156	0,7256914497191134
-2,3141819154901175	-1,1819130021531945	0,06789022047751225
3,530169088454505	2,009244538649938	0,8955499285426132
3,342148822163064	2,2667746957697537	0,6826743527517444
-0,9340191364453643	-0,09663882688255565	0,5059808034412332
-1,171872334578207	1,4618527534757557	0,7917226591843672
3,706379611374424	2,0879071940897123	0,8899411922009068
3,5508276742263307	2,6299604600735424	0,43463413269504925
3,7971547649152235	1,0736015777139967	0,05361660626776987
2,8526216335501653	0,9022319480199902	0,7024651012870009
3,4680902664115223	0,299999858462207	0,259589685271974
2,625691006888853	0,7802896331447051	0,1072406596443004
3,325209969745902	2,713549681283399	0,9947119951841031
4,173452967261349	2,029244490263809	0,5652086502516318
1,690828023374366	0,04756245551773963	0,14246775951271473
-1,0866446857966405	-0,07695115405836506	0,9555884413332962
3,1733010643662176	0,563074224742415	0,1719379066255462
2,2466355747514823	0,03556260435852243	0,8221857288894229
-0,9407506214368184	0,10658203836293867	0,1174750032989541
2,6251088030558445	0,5900757211534082	0,30408510109138276
-0,5358557705279074	-0,23026192499615328	0,018977434539159788
1,0424720099508413	0,34405799416379845	0,5476518380142175
-0,7577805479091002	0,37083410880589673	0,7175491285352135
3,834063956665993	2,069557383468171	0,7974356123529468
-0,4746966392453966	0,5429283481358416	0,6743129369367356
1,7609014249385027	-0,07420458707618227	0,28896911565784933
3,6275469357622936	0,914668087436212	0,7321338211216476
3,4257915343531806	1,7586693773939883	0,9484761096749287
3,613584538866378	2,031874308092231	0,5458907673408819
3,0891415021645163	0,5619221455818497	0,7261604351701053
-1,7806265559242274	-0,7106549915645488	0,8812726792834402
2,620321608110181	-0,12924797219309347	0,9376871393022289
3,9272819218079014	1,4378662392121924	0,549302736477384
-1,2786762362454904	0,669619844780694	0,699764971911301
-0,5517607642019318	-0,13819279015067248	0,17698779961887645
4,063718598640598	0,9224017941136833	0,4461448619346089
-2,1178793153933144	-0,8426181805430899	0,7316093464457316
2,7198972764590517	0,3461858165073952	0,16646835117401326
3,3714484270765532	2,8011104314159603	0,3905876932633777
-1,3696523661214925	-1,326968024684502	0,11838959086466327
3,7506066313991666	1,0921969947968408	0,5769464843894676
2,961898276858002	0,14935834156775551	0,44862313763065587
-0,8963235864150825	-1,1273054553442763	0,14704551670536126
1,991987419038241	0,6365854367866086	0,7361586046783962
2,5167364192789665	0,1571267116445325	0,10218907647960396
3,754408337396062	0,5823754442414788	0,012838502773476534
3,8577429394980336	1,6807711643668521	0,567121364051681
3,5148473466316794	1,1576195618158	0,34233545912810504
-0,6492205709821677	1,1204120873038883	0,8200253516410759
2,6015694020851066	0,5539541667293364	0,5095710961898133
1,5082845291547882	0,7773762923359571	0,7283528637406045
-1,557199990752225	0,8921276666953134	0,838894280535251
3,366726452558357	2,076599867344903	0,5933083290146474
3,326042170091037	0,5475359601047627	0,8586005848280917
3,8273711121290273	2,767365456667331	0,5698662474199327
3,853615654157239	2,91615544990759	0,5453621914025237
3,5468112092666404	1,3443906316274603	0,5977555860402733
-2,6813992158570246	-1,7282737006730426	0,1111085298675204
-1,3025363351109642	0,5453621062836961	0,7214685488956187
3,2591983535272986	2,52005710912977	0,8069096664155161
2,42508764954629	0,5720514882974341	0,6910271620691546
3,2309828293487493	0,851866747451096	0,2972691737993546
-1,0498413869542726	-0,7678572838491955	0,00531208153723961
-2,6868219224540835	-1,5611396684887586	0,6145795772323357
1,5829233755126282	0,6122458185178865	0,34592027066908637
2,690890939184872	0,0677490710910047	0,6610937304765754
-1,7451234587084536	1,4691583579684404	0,6445657657681063
-1,518205079278262	1,5280435412281166	0,43674453465675434
1,9640223497975353	0,043194674910511655	0,565154650712822
2,8293168083183695	0,11031046447597759	0,5948365080071087
-0,7977997075983858	-0,7909474510091827	0,20504869742627208
3,221739822275865	0,4359452972614495	0,6681567209260291
3,54740543039605	0,26903242570950847	0,9756336159615233
3,7886760674382556	2,013245585161774	0,32172870767060724
2,4294644318990337	0,1432370097653819	0,788448185959378
-1,3935798946536555	0,9568932982032868	0,13689417858895214
-2,7121291020465637	-1,6379811952376073	0,40368182868323454
-2,1990696637560734	-1,187436630612702	0,86811421411749
3,167033180191419	0,4793069381589752	0,7693380712366513
1,8384064051672635	0,11562175147953613	0,9857828372751745
4,011954421308863	1,8010972400680612	0,21804354708197748
2,1546211552557684	0,004387084296104904	0,8281550719279251
-2,2123726505586556	-0,9291483533625062	0,2475982002394307
-1,1971123903003105	1,7017944023434766	0,14849254485515428
2,4607580559832396	-0,17707021136418666	0,9239963920723359
3,61891994048828	0,2543308365135146	0,5165231954155692
3,748821417162456	2,182885657373253	0,08976670525227315
2,0182761108273373	0,28662802632742057	0,4557489760831681
3,384938670976598	2,554870380221934	0,2724916154227921
3,622218787739263	1,0127361996732858	0,49972684184053295
1,476272429403381	0,6391648010222291	0,8852436197341912
4,16545113276168	2,6667812995360665	0,30344081976914095
-0,40629383573046907	0,14762755753573392	0,13167749799505424
-1,8668526273848298	1,5536963100458427	0,7173415835588294
3,0870924948574543	0,8345513936484719	0,776626027655653
-2,1846175071231997	-1,7203483121470242	0,9404452989099331
2,4230894032902057	-0,029757283857855477	0,30656232971363384
-1,4098871245715132	-1,0160234856520933	0,41691989737833346
-1,2235395380634169	1,0372749188321926	0,027624076244147977
-1,092144120911763	0,13667694131072833	0,6787534024215528
-0,9889717874701096	-0,22090665845230145	0,7053595073507247
2,2577881662602497	0,6599532312853715	0,6787614500940709
-2,162308131129417	-1,4105611970544893	0,20975430930861194
3,3179206117998734	1,2750088634894685	0,3414709399604713
3,9432518590983836	2,8543687102209825	0,12714113027531282
2,0204218819482316	0,5585631538319342	0,15392078678976684
-1,5278920201524746	1,3521917386916043	0,8081861057903198
-1,2729542667743954	-0,9826763743226756	0,030371531809512464
-0,6829034872765183	-0,8961854085497913	0,46551645734735025
-1,8161264269985873	1,707363410869422	0,08634691935375649
1,643026428901083	0,16332001530501605	0,6068225515623716
-1,713696305000227	-0,9330964334873411	0,6415733923798312
3,602875389993067	1,1793853971853112	0,8938353607852241
-1,8032605376639577	1,4142524681977509	0,7575154003718596
-0,5341915916543467	-0,02409960829516855	0,5493170718094383
3,593891903296754	1,0392524340439735	0,26182712230427985
3,585061874268411	1,5778808865688372	0,336440179214205
3,631717758230975	2,0327963829960076	0,8156575155956715
1,9101242464259207	0,2398238559108865	0,2994609012980567
-1,539514594250324	-1,3669405186284003	0,1956210802922037
3,702585538641488	0,9966449783728781	0,17763965299230722
3,6207729731319187	1,507714602406499	0,935220030415769
2,900016647349341	0,8774324597642602	0,479772825514176
3,4262998966348146	1,6748366696505161	0,09097071858380712
1,9640452647536013	0,09971216877232192	0,012514632457867658
4,229489600605751	2,2215776989336424	0,4017643104313854
4,098773553310002	1,6186165485245492	0,7702714164858363
-0,5917839993950349	1,205387238309367	0,163497212236283
1,6104892481164423	0,7775049108142968	0,7913161505849877
-2,4426531602324673	-1,7487581917972423	0,5976340253536917
3,7884743676940658	1,2037566488794504	0,6667560386613063
3,7495942025284528	1,852385670110604	0,7602142507311695
4,113968988468921	1,7126154615591183	0,8599838740394059
3,392708639277111	2,785259099085033	0,6490658977476345
3,578050950487504	1,4093058165585264	0,3601619985272999
1,8360117713772444	0,7729185102310085	0,23523036166408617
2,168222690505219	0,4378995950479574	0,570368650439429
-1,3370374094046134	-0,2819559992243853	0,6913845191255337
3,5501568546453663	1,0263455482934223	0,35516396338925427
3,3760217225787503	2,693832541602985	0,6348533131117042
4,061712307646013	2,2414876346151362	0,4557989414000849
1,5866387787560314	1,0130877864669594	0,7331699883454554
2,8744269904645283	0,7938457836313684	0,17311335738579559
3,4106593050299936	1,499954055003402	0,4680331393997529
3,93724472599871	1,3347661659881487	0,020762647296796333
3,673803936679061	2,6366347038566227	0,05414049517592745
4,046485133593618	1,690520005942214	0,9310284008700662
2,5831596048196763	-0,06486460441759512	0,08506191367940186
2,293689472902449	0,04232443101809924	0,8047358504352393
3,277106438355264	2,2908560041556814	0,9356813084822436
2,069287336169219	-0,00933730465696403	0,8474169151864753
3,2814533402130506	2,232136259497001	0,9328521138522071
1,7335868751684171	0,9943146330724004	0,46489274167532446
3,8673959262663944	0,7202824646822987	0,8072863336099175
3,8089026224015434	0,9173290936597331	0,08358497312105295
1,9620576295563446	0,36843867760978877	0,4969970346805531
3,6150166346943085	1,6266995027664497	0,40895185758372266
2,451337957794147	0,41936879501549096	0,2439354954887588
2,8514002276027717	0,9025028139266515	0,8010526188384178
3,261985660681483	2,324935372221727	0,10752526469572432
-0,9459993912424822	-0,9047704800545628	0,28912646021203703
1,6882693689305392	0,8058179598514584	0,9514710447743431
-1,440177941465663	-0,3672548020439099	0,2648349908468388
1,7655679225124898	0,5011462754315392	0,07784990091337574
-1,1332581545224407	-1,1490272683374894	0,20067157433171834
-2,4077167866337192	-1,3505053866494625	0,7861213145373415
-1,5902634645697302	1,1881130412196481	0,5187563653807247
3,415026808773556	0,6932562869654406	0,3021661109655457
3,748330132622309	2,9367348002552385	0,4289950941225671
3,1927892018357618	0,4018226107380034	0,8835027082206227
-0,906421640907066	-0,8558712729577447	0,45105139713908404
1,9378614170930668	0,3608832625800056	0,2048297822965266
-1,8621612287980325	1,4159282454095024	0,4104534633760676
-1,5136701920059923	-0,6590546918560591	0,47990289014131415
1,3994122218924065	0,5462758981714104	0,04500379817010791
3,7525193201350104	0,7983525534387308	0,27351905353710637
-1,307658667885987	-0,1017958433043839	0,12183131680162129
1,4166848800477492	0,2262210425217599	0,9512562985169289
3,754154870001769	1,2173145436525765	0,12339536625536374
3,636183616708764	0,751367047416089	0,6382652473439006
-1,826365502047013	1,8509266049661774	0,42150446019790544
-0,8466622955803556	-0,20947465339150761	0,7281493271595555
4,224496721877252	2,4795885640739153	0,1553976647206995
3,3053764409970126	2,272223663137485	0,748041326362989
-0,9071761279180137	-0,9078065849520076	0,5070614448111899
3,275445074275387	2,6046180870411364	0,23274439140835068
2,1172492804148813	0,2959349566511156	0,9436425193552151
1,7918424887944684	0,369545820261751	0,3587227622269148
3,4229429467226495	2,121849447841248	0,2777014780325202
3,446555261301074	1,8031679554901503	0,8662593727554191
2,5095566636700144	0,5319199102162959	0,43341507660072276
4,133026211637992	2,1862829011167846	0,8239144984488384
3,168324412731637	0,7497240675011727	0,7139641587724205
-1,17198988965438	-0,0523345703207935	0,19401204570231068
-0,8976849274361651	0,1257187995866309	0,6506347652835595
-1,1509245714492051	-0,08751386865924882	0,9459958744396086
-0,6180606990734945	0,28089477800481666	0,05789004409623277
3,677910112644452	0,9304814220120046	0,1584255188775323
1,0480374174915057	0,3833060685471694	0,9160500556842747
-1,1661298884131457	0,17924742379555453	0,5043572760772729
-0,7725944639005822	-0,8672852455599429	0,7773124534879526
-1,5572054607984902	1,7846819724023044	0,6763783156455893
4,022323305331833	0,6931170613785711	0,8642788878344391
-2,1571407361568466	-1,4983282504814437	0,6356721174639094
3,2127716903493115	1,160192393220039	0,6080050692531902
4,153989585254796	2,1356818129837625	0,32204000375749553
1,8311484041000463	0,8658230933966964	0,9817417070429645
3,257339753303962	0,5041734215805938	0,278744361704946
4,1965033194045995	1,5298387205667252	0,7833600979780266
-0,9540976787717668	0,5538059147187959	0,7273000437968876
-1,233807391716924	0,029855773634077487	0,8091842099884569
-1,2161902870302874	-0,41152407992395545	0,39986280966680665
3,710790304165881	1,7324988130486738	0,8532103923559672
-1,765804037969142	-1,2508606599083827	0,3842312492260702
-1,1029614620419428	0,7813054525638594	0,10636749144860536
-2,039727468695882	-1,314929841957305	0,6401003881858354
3,807059922003651	1,736913215730422	0,13298659732399076
3,2388888365126203	2,4447060293860936	0,2445662892728786
3,546303475152736	2,597074539340678	0,26074263645859286
2,887677609742506	0,8915620381343442	0,8616914351726231
-1,197984644110921	-1,0719864786457454	0,9181549819588362
-1,002377972810347	0,5854700883713568	0,7143974876542916
-2,4807485047184032	-1,1642308738963196	0,07723083935830177
-2,0320991483122075	-1,2746945581883735	0,1350513619587167
3,1527359381688598	1,1636910662835624	0,3083125088340477
3,9637268773001506	1,1194896531335063	0,0006788518781732922
-1,1449731212682013	-0,7709661084842248	0,7343440096054529
3,969524685519423	2,0048072050408035	0,9205423103813066
4,125595192762779	2,3084345871717145	0,9993066867849306
-1,1575335203540416	0,5918738531744849	0,5882963645507717
1,3094238456732978	0,6814267630488953	0,3129505066773851
3,187770710002284	0,0810866988305694	0,7088132517125099
2,5830886281855823	0,6356993271206055	0,00883681567873118
-1,177549687053201	1,4783002168208141	0,3310086930323337
-1,1004034861608956	1,3574742351383757	0,24314614520924138
-1,3878175962444226	1,215531524167531	0,9984047858219605
-0,6414736603110656	1,11518005745809	0,28930214580402125
4,036939654148362	2,19902844683976	0,6594098445270287
-1,2300393820354478	0,9642343014778632	0,8738222981224593
-0,9386210010159752	0,11186997647693153	0,3637701144469676
1,992912361415041	0,44104376275101576	0,9057713512191709
3,4492589994722236	2,139739447281469	0,935266519983483
-1,1486972783627727	-0,35822344182766375	0,5221999135146963
3,901671668217883	1,5994015962957806	0,08912569573324503
1,843632049967527	-0,05452173538011795	0,5906174833772744
3,7998546396388573	0,829953892060759	0,8898725412989685
1,4393819896861777	0,2478270821555415	0,13310899405220478
2,6282940291903456	0,4405672785016901	0,05546993577029791
3,219389871266354	1,0274129264826493	0,3433156411007142
1,603551092521524	0,5306512916522865	0,7831498952310421
3,499663420282137	1,7393331935729428	0,983181705190606
2,1305143829559237	0,4868583033279048	0,317147001666339
-1,4957152385849803	-0,9355884139325794	0,5446750093337983
3,5087351610387745	1,1631626040358327	0,8020587261158525
-0,7630639130167065	0,17508493915403833	0,9085978005758856
-0,480509589256485	0,27422392477339763	0,6025793029660574
-1,2171437450992295	0,3196879367808797	0,24473216073415482
-1,8818921086274094	-0,90814022544299	0,7678021195575835
1,5700436449985242	0,8255028267126492	0,07812540265707857
3,4349378640446933	1,465784721015454	0,8729828762791885
-0,8517681132736636	0,605290579660831	0,09574869115716311
3,4129337861363402	2,492892636583127	0,16876783570831821
-0,6629657509877744	0,7748480811490486	0,5438628297550135
3,8895199152918183	1,6565398331707115	0,7384643314560045
3,774148094666693	2,598952337627009	0,9525164162369367
3,5270202831556197	1,9260514306782046	0,7640614280666548
-1,4128919866755152	-0,7516664790472907	0,566129360012885
4,064551791751145	2,5063796909954013	0,6110680780489248
2,2171117719446833	0,5291034661280798	0,44237310352516157
-1,097735746456081	-0,15079106452816982	0,42368186822611953
-1,2758424146704557	-0,19153288572803595	0,9186053024300782
-1,1795522457772627	-0,5520110284707326	0,46793188998809476
3,750637695757735	2,729673740659301	0,40957353190697643
3,531178709470481	0,5272789158231788	0,20498164303890376
-0,9095808258086651	1,2744398290289145	0,09964817461504205
2,7585746732414527	0,8462712968846826	0,27525352784358326
-1,6331365717821087	1,1003440016915524	0,737834601817427
-1,1676082222997826	1,7220531005197253	0,0013425881885941182
3,3294905537743307	1,3345405038342784	0,9712026982802232
3,8123029818358996	0,7575530503274084	0,12417325092753029
2,224191462143948	0,7992249231843798	0,08844158360170518
1,2908027204554031	0,5127033396958116	0,7128801423556432
-0,9261127275016539	0,18333465954765082	0,38128276638989433
3,376489377973444	1,691734838208491	0,6298724477675361
-0,5154686402826074	-0,20311926105434297	0,28980792069968075
3,1487242347676014	0,533503677375329	0,587706534369831
4,297050303653936	1,9700470498073144	0,31280367032529666
1,4427636423187336	0,3677486049363321	0,008445938049257085
-1,379547354171528	-0,31892781244011636	0,3546417290912305
3,3913392033963228	0,9083396653344338	0,7447394854645559
3,806205088798065	0,9958764584825784	0,016947044182127335
-1,6195178384625164	1,1874507533980472	0,5529324435955955
-0,7719455869766123	0,5811407520868019	0,2433079581127835
3,486827894358593	1,8288228212748094	0,8628867601210495
1,8022289149190882	-0,08841242820577522	0,11248207180990988
3,470907370985617	1,654079944459402	0,4047438881300617
-0,7838898337229478	0,669672064736262	0,6884774636663455
3,1783834536838986	0,5847310079375778	0,2880191185854818
1,789406476313035	0,09794496391416563	0,8986786810519649
3,185538932499959	0,497488201173085	0,8659637484662661
-1,617670452377121	-1,6663980631413684	0,7798248542986295
2,8202474660596986	0,20099911482330524	0,850451573710122
4,209027066926236	1,3984885531669886	0,36413202163366853
3,817398518025623	0,7373608577650572	0,25475655681478515
3,601924939408879	2,79728163660789	0,02938470963023687
3,607149677008861	1,7476265325298548	0,11357664830735448
-1,2075417225391907	-0,4119458871051893	0,7343919929864072
3,309947922916337	0,742884544246649	0,9629620525204521
2,566607744267482	0,13546513920029923	0,8160975627671612
3,3091515551299815	2,478132666894743	0,45578997650907516
3,683551668784844	2,4177866652005013	0,681136435381657
3,641351771366968	2,240941276844412	0,3865274372986117
3,1208441454130456	0,01652436397156154	0,399521938612423
3,7745887112439354	1,6862465480376256	0,8956931752712952
3,0266124738642093	1,0433783922897781	0,3456691016291348
3,2544537989554576	0,7627856545986413	0,0836833543320964
3,835139725258055	2,626877680094495	0,7164872011063913
2,36973741963956	0,7417347036946369	0,19067910867354398
2,916691214997762	0,35093341322065386	0,9395689110268514
3,4960470315957326	1,3802393136934594	0,42849530334469543
-1,397803714463934	1,5866209997816796	0,43257029735172614
-0,9573952861855499	0,8693104622827124	0,5721801442181619
3,0222144672495093	0,6605118731945065	0,9231292867807434
-1,7084545709568206	-1,1876335545581982	0,5882476896144313
1,5024827947468735	0,5353589653477437	0,8597317118118951
-1,434035605240797	-0,9123582965108303	0,5491959682497021
2,699839322922724	-0,164234975031055	0,0604291483170466
4,134511652000894	2,2765444875660457	0,7126390008188526
1,8729691747346218	0,3668082057566897	0,16229341531897867
2,6880958835580637	0,46640771999851083	0,35395700251559614
-0,9433350277153998	-0,44773719477604246	0,3133226997915177
2,884142713129507	0,41979026990198687	0,674009988369103
-2,294909115279302	-1,1053219365441946	0,5935134683269511
2,8386448801611195	0,5786087438219982	0,9228804496548957
3,7476113159868287	2,2245646405225186	0,50759576991343
3,041570446873094	0,4810474611055664	0,1606442825590093
3,740824257336942	2,9830215002604206	0,30351947052485895
-0,39288434363221536	0,13882158865652	0,7663382358494892
3,184569128207424	2,387423249965543	0,7023277485642533
3,2963359039832385	1,3871729604665752	0,682113977620937
3,8378198940730184	1,2668402172063813	0,0678827681680052
3,421323573991658	1,7199407487822085	0,2427504384005884
-0,9599832520380163	-0,4462645536720733	0,021312337499748035
3,518967526035949	1,692567186028997	0,4817256641983608
-2,338078056820133	-1,1245154200062488	0,20207283038635104
3,8450418188739963	2,0887295560567414	0,9694464079092475
-1,6588840328838206	-0,9121792892829528	0,317088878556656
-0,9053489046680692	0,6953910765729003	0,0038096939089901083
-1,73011296505102	1,7429875664912426	0,47112684255865
2,8529688010617344	0,1547796219686246	0,7538819739909015
3,4029731949920334	1,3828797228908227	0,858994475909476
1,503600084929834	0,60946225886369	0,10592354643691637
-2,441862954954995	-0,8843824819713269	0,07954636106405577
2,402429776923246	0,015440678424015974	0,6971460820576667
-1,2602575888511205	-0,2474512726274929	0,08061143639007795
-1,5825334739823533	-1,2950797800071392	0,5665765868757989
-1,721159486506238	-0,7082985483930035	0,6885291433795947
3,6232689256357418	2,900241591697056	0,012813619034573787
3,8014773743365495	2,657339368008139	0,25136828755617613
1,4147928862784602	0,14348321566196165	0,7665381773399432
1,620778323487556	0,2999367468324423	0,8218215647356082
1,7729232886925557	0,4858880352370625	0,3655022714983097
