X	Y
-0,8276705134648371	0,505779037605735
-1,1864082060944177	-3,489802774585234
0,3581991468783099	-4,28840583205129
0,5522646458740763	-3,7027610896198406
-0,9459387990805778	1,3676821587903314
-0,9776756961776327	0,7113885204455557
-1,2206883191823448	-3,6708747937895136
-1,0036571307538524	1,2444357320806156
1,1714940282732584	-3,943625132811626
0,9363917102619228	0,9481671048897962
-0,7342657884531605	-3,9349054371814316
-0,10295041084708151	-4,190613134793999
-1,357747305199313	1,0785132512594702
-0,8612448890804602	-3,8639946484558525
0,6071511697493298	0,6442255670555044
0,48280902367114814	-3,8715499404770535
0,4652213400008965	-3,8919322300226433
-0,5441785848473584	0,4580030768678387
1,0474812679913292	0,7954717863321085
-0,5381544741478158	-4,141728860638546
0,8867689569601253	1,4090788863301151
0,7561576029038756	-3,581010240294285
0,3581507840761999	-4,0097461592517485
1,4905222478543365	-3,288676443914693
0,753108206034445	-3,452207568563146
0,9318307267235535	-3,6476046952222947
-0,4809748375972841	1,0255319007766952
-0,05858724757301485	0,6651047278681963
0,006477573108644205	-3,877793296030082
-1,201713277265684	-3,5346820945457327
1,1872213162347367	1,2424430101959913
0,456350137370384	1,1340812746412876
0,5120649250604377	-3,7731593668385055
-0,05859473600867873	0,4326915808918801
0,05223440162068829	-4,1924546602628645
0,921671698280609	-3,4633060425538043
-1,1196825540656081	1,635707494115018
0,020364626414855688	0,7148128067445298
0,332756960418389	-4,165834550544821
-0,6074417499840745	-4,215279684182005
0,21917387600258786	-3,9383531927616477
0,9190903374362083	-3,8194913635486536
-0,7718641621340494	-3,453886971436823
-0,8275599548000971	0,8892929393792965
0,7327006823543312	1,1206983224700862
0,9100751565052143	1,1604182293989787
-0,743909006462429	-3,232071531206398
-0,8877262531172755	1,0579023715171652
1,2237213643719262	-4,037540266969288
0,899681824343764	-3,8591945204082743
-1,01057451693981	-4,035417903916205
-0,7256724361501317	-3,8313565633366338
0,47395925102953007	1,1266544157250398
0,49618987029684336	0,46663253939955607
0,9438364983875002	-3,8100304864807772
0,5678829432526231	-4,237201150035418
0,3901013855633815	-4,425999904710256
0,8183697270692046	-3,8586668814701244
-1,232448477907552	1,4386352956127628
1,2279568400079788	-3,671514094340356
1,5444140404701274	-3,2618290673873487
0,06350253284776906	0,7882932980080056
-0,6508718667304594	1,1801794630110778
-0,0071626037410035814	-3,9689408645625655
-1,2870220591568515	0,9592235202325529
1,0165954659250196	-3,796985301554397
1,414584447874706	-3,396196044569107
0,6527321608941183	1,4080081116046608
1,0240751865070017	-3,472145291515734
-0,698033756078907	-3,7577242267741786
-0,14369863718647133	0,9459855609406795
-1,193764973972447	1,6132288238555936
0,8235273685377256	1,452179584646538
0,9156909222941246	1,0167839652056894
0,4388604955112746	-4,438717996713742
1,3985015968909271	1,364599593314361
-0,4311068146807698	0,4746334085566144
0,6670508328348115	-4,044009343565431
-0,42128657187537855	-3,873364019397208
-0,7548991943297969	0,6369787547863046
-0,9163503758971353	1,0841055341514956
-0,8524290204896473	-3,318106067890553
0,8643938003877055	1,0653889967124863
0,503384826087298	0,40171200125912154
0,837022682438887	1,481834935322777
-0,6413568877928023	0,5196039330051963
1,4156824871701879	-3,232699736005416
1,3247364145691563	-3,7744944216470904
-1,3149076219163869	1,0282687384656917
-0,708237713433693	-3,349570340902191
-0,37628273951666147	0,804524603163965
-0,4299949093289467	1,098394246984872
0,6193994829749172	1,339788965518539
0,07783128901703133	-4,26649622370072
-0,8222073657582052	-3,3976217694876722
1,0216395710161146	0,9074511598811498
-0,6583051768466042	-4,089735125623685
-0,8587312571598387	1,6534717662058056
0,3813914847197417	0,633539381547513
-0,7010341133019742	-4,094418911905434
-0,789101443429885	0,9908475623407068
1,164998310194114	-3,551321378358852
-0,545757185001691	0,8384494051892282
-0,7328244442392836	-3,5365582726370093
-1,225461957180332	1,0323353284611327
0,8460031360804263	-3,7659779256936816
-0,07613504953728988	0,7863668080327405
1,0421457832073977	1,335632442244451
0,32062255967766506	-3,9261112076466835
-0,18121462791637044	0,9444762761466725
-0,23229237261403346	-3,8201205397813562
-0,441529998332546	-3,9536668797060432
0,5249416719249126	-3,8412585541612025
1,1266358086923745	1,0916956105082196
0,5194903422574848	1,2203729200339202
0,26607908830484395	0,35798024637740244
0,7429935449314988	-3,5754665235642307
-0,048575397893318176	-3,9670209852479545
-0,8231446693694137	1,241708868713923
-0,7491783877753246	1,4250316247929729
0,8452541561840657	1,162496115031665
0,033073929194168766	-3,9464073388349643
0,6191855716796075	1,108552916602268
0,8442756667250695	0,8704930315363671
0,8702000617916881	-4,249750321480129
-1,2863291566848083	0,9302712901960709
-0,9574125398597357	-3,49607303085758
0,8587322818853643	1,1280869912567928
-0,3450124894806797	-4,207214296868445
-1,4026936241524994	1,8085248045419602
1,229174763618929	-3,443061302222217
0,3074667942116841	0,5705106721686151
-0,9483763235248199	-3,6739794881696675
1,1190717370295826	-3,286249206830444
-0,764758104657568	0,9340937469790437
1,2785537637017959	-3,5166095111872426
-0,8345281404483338	-4,035952958435489
0,3191103856853144	0,6477372765106395
0,8388283907181725	1,083025159851733
-0,9767006915553804	1,5928641941522026
0,5023782631870839	0,872967379349853
-0,1486511038801335	-4,063450086422916
-1,2069276365505293	-3,5165516514403796
-1,0992812414231712	-3,701997066774852
0,42969439275285587	-4,1121128937173586
0,6075941884223097	-3,861718195987176
0,5376464043041391	-3,835316830572119
0,8335672159123583	1,6482916022100658
0,5131009903407122	-4,021816537918071
0,2907773045730102	-4,084928343749364
0,3296938528846183	0,30527721391614215
-0,35824705286594805	-4,500696596502085
-0,41789198448902315	-3,916033385637774
0,8586278520330383	1,1294307206775762
1,305836313610592	1,4813651930893872
-1,4620540823360813	1,3759075388108246
-0,8151994931243267	1,326485534493197
-0,7783976099058285	0,8813918223878141
0,6999197524009955	1,5677460945490984
-0,9557005103137846	0,9598898441723809
-1,1201591751417623	-4,007343778748659
-0,8195398342179901	1,2303578564464863
0,37445864174483934	-4,381219724036483
0,8604218268516105	-3,709975819064747
1,216781992569069	1,605299772026997
-0,05316154806030113	0,5660201077103788
0,6852640878639952	0,873322710490008
0,9755794473435966	1,2097680305421008
0,0758288031724906	0,3283524581081234
1,0297761511119665	-4,114347081528574
0,7279476390078565	-3,54054880510772
0,5337136451561948	0,574518967933831
-1,2971108784387577	-3,3948518832712264
-0,18905090286279097	0,9850166531789109
1,184296627360316	-3,2999095975352124
-1,3898322833345222	-3,371847592473625
0,5535812970745059	-3,709469829492809
0,4930408978306975	0,42130226103700985
0,7022992107637891	1,3181709632220744
0,705558640425311	1,339860283977092
-0,6538380046322536	-4,336440315566912
-0,36489380171835295	0,7548046983600532
0,22578499049180736	-3,8584235569232654
0,882910294753504	1,511146177459895
-0,18104015855930838	0,9630846438467144
1,378164205497093	-3,8342236695755307
0,01767819577722854	-4,2220180650795704
1,215444364756792	-3,225908174691305
0,4287291027872177	1,141677549532507
-1,1022633147656005	1,586866673256206
-0,8348729693079846	0,5540787021189444
-1,3068702123154654	1,3917918128348956
-1,406701148853788	1,43080564288969
-0,18895778131053032	-4,517028008863413
0,7415713332226446	1,545415350056753
0,6953607710481611	-3,5764972551998917
-0,1307321261660385	-4,321692501310078
-1,017714126206149	-3,4715273270063705
0,6312618526271584	-3,8319793093787684
1,0434013722261417	0,8975995688691465
-0,3746657779628394	-4,148012803418232
-0,06496914088515483	0,7063514254433303
-0,7430888492457333	1,3337573738306947
-1,4172177116304665	1,813435204188089
0,11100008935971563	-4,195746253996017
-1,318877755434397	-3,541717197413922
0,2084711986634642	0,45919385365021537
0,9618182061888907	1,45860731869562
0,7199994648820778	0,8354850403665497
0,741904323280637	0,8385362097531689
0,16803622536420873	-4,188287787829005
1,3387203173928546	1,3787762001287254
-0,789536751714977	1,3577231489665345
0,9566070389513331	-3,8220365807748227
-0,038327825099927895	-4,119943192194275
0,0076438716054118006	0,6968647714926559
-0,3537615976359638	-4,544991294749931
-0,027598572790857673	-4,292119008969347
-0,33727535164403966	0,9047893265103245
0,7109237928734626	-3,897772655142021
1,4076090075190175	-3,338036561275214
1,08850584203654	1,2557992948154917
0,5406464444272219	-3,716968580480654
-0,35950127420517286	-4,493236175608912
-0,3675320504492072	0,7797271062792219
-0,8846329516578841	1,7704833862580895
0,22342727229557355	-4,319390254104619
-0,8224173029245648	0,9389286161747828
0,6021613425679568	-3,9950777358453458
0,9212370597401084	-3,107390867668379
0,15391707720276682	-4,044118613915417
0,44799943109021323	0,5377576908690191
0,8002966182871977	1,634004048424336
0,7268237682921862	0,4653009889413353
-0,6338337060286926	1,1943326106005756
-0,23239875225638568	-4,004330716573158
-1,0504323775197475	1,5347969400377979
1,3196035686243315	1,4449735209281154
-1,1035926101855043	1,2291485636150241
0,8371824756081792	-3,047020277378023
0,6814742531891388	-3,85896566753098
0,6921191882608043	-3,9403789616683436
0,5236270063222345	0,9578356644214908
-0,17018074044062012	-4,400515851604466
0,6093490407088114	0,7023154813048882
-0,8364097972024842	1,4540318565276782
-1,0752430983210393	-3,7925801911915413
-0,21812754193810463	-4,009208476523632
0,9378832102989147	1,1496937146019541
0,751584306337816	0,6041342842567488
-0,7352464712189997	0,8666985941175998
-1,0001560249336712	-3,5850823380379593
0,7702407208407562	0,5203698372551724
0,44737266130634823	-4,21987131133373
1,29039482378496	1,343575349203805
-1,2089720864403746	1,290061989812997
-0,8845222547045861	1,1712402210506487
0,35132110848000164	-4,159348701666544
-0,5597893250640484	-4,083481515167107
-0,11430496684888164	-3,9521393169139234
-0,47424240517767646	-3,6547776151852585
-1,114941587769222	1,1204303258957746
-0,38824299651435135	1,0420612920268002
-0,6920986325651054	1,2336355792878213
-0,7600610049543793	-3,499307179539918
-0,9557350247436136	1,3243447978276095
-0,5444271717928956	-3,734629381572354
0,7310294856647519	1,0101124712602174
-0,9197500372792662	-3,619024219751212
-0,6950555813736858	0,47350240876112637
-0,3587657208886474	0,5180427259053724
0,5302225741868939	1,2190764882640472
0,28959552306667513	-3,965527557026917
-0,38798293892484015	-4,468899431849442
-0,732139895939055	-3,7840320275521724
-1,0348995274930521	-3,5476852482098336
0,12663824692667386	-4,438240813083022
-1,328932929298141	-3,3601548243886628
0,6017732452151702	1,1992503945347193
-1,0889359674888643	1,5998616643718795
-0,4864770089004331	-4,498983282916477
-1,0599183791242939	0,8149054679756071
-1,1378075469976126	1,568030879503197
1,289739030228674	-3,9884118523846386
-1,0526617506668847	-3,578491575492926
0,46159100985118573	0,4061566811280948
1,2882801011637217	-3,0107500905555753
0,17177440617411704	-4,317309834410709
-0,5059747402305186	0,6301260944983837
-0,8675920042588322	-3,5792785928829827
1,2749907044646975	-3,4879991394223944
1,0286376667755237	-3,9413605690853446
-0,6014192467959052	-3,80145032340164
0,9159181914512913	1,5389816852901537
0,674851368241132	0,7525637573210969
0,6677899269133357	0,5709376099855714
0,6170366052503353	0,5104162868091144
0,5531371127379632	0,4425954262302936
-0,7976990343102447	1,5393579607281618
-0,7332022558909732	0,9159962370475562
-0,7063226945285619	0,8465586776765083
-1,0470033463078192	1,2456209371221458
-0,49906659314574536	0,6026913118821007
0,7332872608140191	-4,187893155295622
0,17559828635410923	-3,9753713398114945
-1,2198949960521097	1,7025384014180345
-0,8446634910227969	-3,9152661264130977
0,4314149876944555	-3,9695548881486484
1,350183439850728	-3,75325672296597
0,7111882560413607	-4,4030062156845435
-0,35855490314412075	-4,544866176556644
-0,12002868214316788	0,3034433235781686
-0,9702477710849448	1,5040622787181905
0,8981405281994388	-4,09753860203025
0,5698029226560225	0,7337560782696477
-0,37554292306877407	0,8125094077046537
-0,6273495404388452	0,8383164225621161
1,2069736441236711	-3,411436509437455
0,34899574045456994	1,015844001482205
-1,0839433038825637	1,626494316454413
-0,7213509884222119	0,4776024197310764
-0,5128459072503514	-4,354981318894993
-1,2675532769879805	-3,709519925638699
-0,836660480474051	-3,251840020997392
-0,7549744083317692	-3,6982428497997635
0,5222753425038045	0,5519932913793539
-1,3236428308991217	-3,527586141009183
0,5162575885209718	1,1357934128384226
0,9395527360083468	-4,086113557289152
0,8803709393735281	1,4627170631979969
-0,2992331301062193	0,969096053295249
0,6643576163541222	-3,9356980723974235
-1,0846937498665472	-3,4223043226249663
-1,2498351462062858	1,671365744543564
0,9642973716738215	0,8176510909972143
1,044194251900938	1,1565910342216348
0,9572162448021437	0,6690298656874689
0,7645692855461347	1,0322598191310335
-0,9928391025644845	1,6491750701994106
-0,015854252112705858	-4,009146513424529
-0,923099173833754	-4,004316392248354
-0,3007207611309641	-4,090869989569287
0,09470854411466417	0,7602611377876826
0,6084214624359654	-3,9292283560996144
0,37748097854745916	0,6652214291826546
0,3176136953903662	0,6896624678142464
-0,7624405024057832	1,0732039999414225
-0,6052242319984845	-3,7193576618260775
-0,03221797716398375	0,6705911417461465
0,7974037275041522	-3,5651732696191387
-0,7213159687251616	1,0779006906729478
-1,3278470511289888	1,3637232286335828
0,48960711163777504	0,46383765156328516
-0,135664661916181	-4,483005154576899
0,9960234243289452	-3,4976442532120737
-0,7711791643066861	1,504900854733685
-0,6684851507241144	0,8351890873602907
0,24844802891165385	0,8250456290083595
0,8236170631058889	1,2681686038233102
0,028614461174469683	-4,001885307188634
-0,3330139743122007	0,5129906413450813
1,1714382988654262	1,593243988399701
-0,4187833694296873	0,724952683084958
-0,6466302312446122	-3,4846721838736183
1,044978847204482	-4,077168866400064
0,40424567897682306	-3,875613502900016
1,2762982414377784	-3,071768147470851
0,5036705753840056	0,8660704568981993
-0,7265175073420472	-3,9650524569661423
0,5732413177576925	-4,495199437467972
0,4970204173519993	0,5886967660924691
-0,7993149357401491	0,46959803445306036
-1,0912572023603355	-3,3637218886526665
0,3512553168197173	-3,938723386661084
0,8396402401544075	0,7520954057498963
-0,8417807386502861	1,2186024405159996
0,10182242211803602	0,5820402791124606
0,12085663506427968	0,8578102211832438
-0,9119224881536718	1,026892307553951
1,1246486629446029	-3,2487294852453235
-0,09068234849900744	-4,452011975680891
0,25237199770315016	0,6279603073464548
1,4909095350707204	-3,5315519838717093
-1,2680520933703225	1,4249782251956302
-0,38594965301605866	0,9793634399517276
1,0141847307433274	-3,035336391564883
-0,9711986840223498	1,6407744489324065
-1,1778935851114685	-3,306343746395791
0,7061824831173181	-3,818913188995988
0,8376366363611243	1,2561759188962898
-0,283734402764365	0,7426817708968707
1,0703899469679519	0,9534469442707842
-0,25752685039297424	-3,8102599126839967
-0,36786033530454487	-3,7778807588323415
0,8837984913457672	1,2263504618044672
0,10461750950973475	-4,056299075178517
0,07246262670650902	0,48772147861993265
-1,3319250523965536	-3,344574832902744
1,13136550470819	-3,4269067699774225
0,2381852225024256	-4,372128984019627
0,9667022549595995	-4,301150232415789
0,8529873948046688	-3,4726298725829414
-0,2732312779755952	0,9171942287857558
0,13787966277921895	-4,388781697042695
-0,2533409945195719	0,6343357577272817
-0,9085650312440663	1,228980463702046
-0,06097153003895861	-3,9247501853661335
-0,6156224589456498	0,8607291247631901
-0,8399984147234811	-3,8355059463771943
-0,9251319577854444	-3,8270230830698733
0,013287009294037477	-3,991620030967697
0,19738637833105613	-3,973790719514856
-0,34933979828750783	1,0494529033261597
1,2838206007091433	1,1468306940921948
0,3401074714594638	-4,279168752350291
-0,9458597368506867	-4,004462523808353
-0,5878391195442748	0,6234567443461847
1,2451272975040524	-3,148898574006728
0,9331775443962552	1,3858662766812235
0,4577615725683858	0,68116530030111
-0,9602164718852096	1,4579705206858042
-0,3532116276271003	0,9932132443721803
1,4564050734890184	-3,101582739473033
0,41526526131767816	-4,4085725586245506
0,727785402394286	0,914623668653493
0,11940789832642773	0,30701743479037136
-0,7966719937876292	-3,2801328229262636
0,8267802965654371	-3,6213193483514856
1,3838838651962115	-3,69167422422326
0,8473183462900696	1,1060907437669432
-0,2972133568754226	-4,358021307700822
-0,15448306170664655	0,7588027651058432
-0,37752210030727057	0,9164162756164117
0,4088080518986803	-4,386326863891474
0,05660778417514202	0,3448632663892408
0,8928872104172296	-3,989099348286919
0,986789069726306	-4,01861980889033
0,21887286825156563	-4,394164292411409
-0,03282819965149486	-4,2583347876993765
0,2193828389696077	0,3700519627127321
-1,3967777500830139	1,5000432433911655
0,4809610092927145	-3,899004365058196
0,7129472387521271	1,3691571294968927
0,6225635795322804	0,7177416303617972
0,48533291122470246	0,7137639852253512
-1,1561766903992223	-3,2763211234177043
0,7991177046859601	1,5790588301628752
0,8466297165920149	-3,6002442609416523
0,6734008283806141	-4,323928165391834
0,3343029040224148	-3,992796349658242
-1,178365195652692	1,1617301691818929
1,1184258950494075	-3,35666869067738
0,6213602029619258	-4,089083759246955
-0,24042181424667064	-3,984935305497801
1,0346815799740976	1,6065974598011854
0,16304159961939446	-4,437015782813989
-0,42320978925904756	0,3477807145965026
0,14324862434165514	0,8813228498593408
0,8918130640168066	0,8834701559540912
0,963276329447714	-3,8613256151284086
0,4334194588695493	-4,133952278073885
1,1115528106794124	1,4414866886345616
-0,722609056290948	-3,6200795916697714
-0,7686095259013261	-3,6491540291419886
-0,14921604143988865	-3,9898053347556535
0,2495809663701283	-3,863518075994729
0,31529796896923923	0,9608127752941764
-0,6632975188541966	1,2081488165753844
0,8933362350768075	-3,1065588008897405
-1,4202990967451745	1,6047446409083097
-0,3377520352413007	-4,533740212766555
1,3405944022196719	-3,7354457111887385
1,459499976016188	-3,354695641422243
0,43577550996945325	0,5266053947950258
1,2076717381289808	-3,519629515516635
-0,424824153790171	0,896871178841482
0,15178009338842746	-4,299852882089527
1,2338450916441916	-3,7015616296493072
0,8013993924085674	-4,2628061432498825
-1,0157622194150369	-3,9573531334670395
1,5176773975637403	-3,1693687439728033
1,070472041635856	1,2661390864546147
-0,8066799676757365	-4,326097145768825
0,43250251571232695	0,7635381671406701
-0,6093254014487399	0,5305858397337377
-0,5693196831644413	0,5582377102097238
0,7940763630365177	0,7077260172695272
0,37913051724738484	0,6669878834465328
-0,7557521801519953	-3,9545598592037665
-0,4956210718552648	-3,7011026566246796
-1,2066719212681305	-3,869635965550347
-0,6675046963456269	1,3359250831730305
-0,26913714901897634	0,6762624767849617
1,37976551479498	-2,979694393528297
-0,3065481847332606	-4,177246551966385
0,8169751544461511	-3,7523592010365543
-0,3201529018163561	-4,007824016507846
-1,1704943743507528	-3,678596040219712
1,1253810311005483	0,809859437372906
0,9956006891580611	1,4058387370701242
0,9612266044321787	-3,3002509117742944
0,08079924160040551	-4,12965414028065
0,8116837198556242	1,4618027580786075
-0,3426000220912869	0,8763434120103052
-0,8007914692642143	-3,825185339865625
1,0157843429788156	1,5978591034329646
1,1673848179101725	1,218767507738016
-1,0855320096514194	-3,74314364647318
-0,412300355892719	-4,531271424308603
-0,07323423908406507	-4,014687233505091
0,9404225257900523	0,941347472726457
-0,21864013031881224	-4,475650202420498
0,2647200248528566	-3,975768384384603
0,32577464434028186	0,4260784818838328
0,9763099377215108	-3,2005417533184946
0,9289516767530203	-3,083700107767756
-0,8387894157294193	-3,4572114026321676
1,0903718355276601	1,0623109694583257
0,1221332066613372	0,7190960829703428
1,2523494740037642	-3,6913517698126252
0,22155224667167417	-3,8845668319105955
-0,7694594018445331	-4,237512446589827
0,9191023763251959	-3,8853008503308586
-0,8332424272299465	1,655995894320915
-0,13953718047843033	0,8553191270519102
-1,4470275003740016	1,4690784497393814
0,866952094234092	-3,420472187198191
0,6002015571513006	-4,390730214242525
-0,14832228693170643	0,9754161950904061
1,1318558887413395	-3,8727959052684775
-0,9619254379407167	-3,372686870771538
-0,37473360057334293	-4,399346360572993
1,4718843114660265	-3,1053708892451573
-0,9103844565120934	0,9199970482847032
0,21278159123536783	0,700805224045765
1,4005148715681197	-3,3409782748822985
-0,6983818742750292	-3,865033407006851
0,5720242344069436	1,1110483015991248
0,26138605804615067	-4,389903338211266
-0,9507634565543334	1,4293102608500656
-0,827166783330382	-3,9812371940288656
-0,7262463205697457	0,7854225765149795
0,747160469355185	-3,746400855264557
0,0005606899643251229	0,5309568066277544
-1,3063362167023904	1,6691950097624495
-1,1051206523034405	-3,475378859998049
-0,5012791507438479	-4,124788088608399
-0,708333514437788	1,384045139150208
0,04380436435012584	-4,10804524486162
0,4852646831851614	-4,471717426210463
-1,198628422291481	-3,5238145504057297
-0,9273531214766865	1,425906790429211
0,9745908737014721	-3,6191068875524492
-0,8456422254513556	1,7871355000723803
0,9386172656116856	1,0494010821124182
-1,0955788561585045	0,6948435829547424
-1,2898272898529055	1,1484140848308035
0,8493983873363785	-3,6435439591241057
1,0922261899413375	-3,2620479553684136
0,4850304188884903	1,1314399049357264
-0,6852310261563057	-3,501903694332103
0,535093964792357	0,5194429397965554
-1,2423212886361994	0,9025563244310074
1,3081499606035134	-3,1796910987604288
-0,8248130315045771	0,6200918198218837
-0,7035271206055638	-4,396981345845281
0,9805692512031904	-3,0400330417581176
-0,672358580925537	0,5259072139409462
-0,4434834820896747	-3,6911501383844594
-0,5167128676220244	-3,9020384027428583
1,417016342160241	-3,0649765234917603
-0,5797764657728387	-4,469656635968385
-0,6270898580618395	-3,6657848202240153
0,6259182284736939	-4,296735810187375
-0,09007116724400444	0,4470817226943169
0,06204823766104134	-4,14806350102449
0,6705437935977494	-3,671064648975045
0,3311077667622354	-3,8303582287099966
-0,3784142724758587	-3,8519868833136663
-0,8301919048472733	-3,7767126744366557
0,006529009694637378	0,37825509458722495
-0,6873089290261737	1,1700748640876815
-0,6944615900779706	-3,5010282692192174
-1,0024395084276447	0,8625609553674851
-0,7866826795106541	-3,590342086472275
-0,3077636083944349	0,48238534744886863
-0,08951644255464763	0,3395322828054983
0,678301045200029	-3,8276868706850173
1,3203189088397744	1,5357877954600831
-1,1829432750689073	1,645994556116375
-0,498215651964527	-3,6266079004702623
0,04592014263010584	-4,069067005049541
0,8744942731111898	-3,618229494391421
0,22334367527692162	0,6797724043001154
-1,0522415496498783	-4,050826607140143
-0,6249488104098203	-3,4245501681101294
1,3010748721723264	1,232404371256521
-0,7076906221834466	-3,462272748313991
-0,6052432396285795	0,8302889313991358
0,6208232438895657	0,9937646031686858
-0,6071751928643214	-3,6680013285865645
-0,841103516639833	-3,926677591568836
-0,04693863682938393	-3,8684488547295786
-0,7768539190343373	-3,304518698452122
-0,9252143494091609	0,7101577816987836
0,9611288747726945	-3,7503414016995933
-1,1041929795593284	1,3871125722690492
0,9611687540897401	-3,6038920139325397
1,2071512832344873	1,5727801466818945
0,5657528828818691	0,47905604275593805
0,5989731793370572	0,8785882744312805
-0,848056178916299	1,5664051390895406
-0,34145832685465827	-4,070902303699926
0,6889675251882666	-3,811107104251655
-0,5549663787901485	0,48552188497447024
-0,6703477965261218	-3,714183659367249
-0,37059191802600744	-4,088573179913649
-0,4287816036705906	0,8855346182119519
-1,0731279355557675	1,150640633554262
-0,8686582837150274	-3,835965575875922
-1,1382848418212284	1,5943183325327661
-1,1564316949767537	1,011425649150783
-0,13249531118600805	0,5329184799708786
0,30699578701954217	-3,8661740117127845
0,10152989865171475	0,41536525350203846
-0,630904632088998	-3,530123037906029
-0,8152895542291998	-4,149188642889712
0,640874719452501	-4,03518553580564
0,49883619665842127	0,5124134662473778
-0,3003154235616341	0,5468781585293561
-0,7635891922015454	1,2952616413362135
0,3587380024253574	0,5783191831702446
-1,2104363920985624	0,9884443640685672
1,2552850546924594	-3,5867328732648516
-1,1938299952949178	-3,785781775575245
0,7907181897698029	-3,8067232354389127
-1,115154473873206	-3,467387767918774
-0,01393679563870684	-4,036914556905012
-0,10717541279776241	-4,609542661107582
-1,287590869860724	1,5178666923861661
0,825122396707703	-3,597271809049617
0,43761647480471	1,1538472982889036
0,4044061576502925	1,0203256405105885
0,6797182867072307	1,4999316938580933
1,3615808155045674	-3,6439811740370223
-0,19511219586790235	-3,99926525603542
-0,862116112871907	-4,133522112219043
0,043042116425104165	0,5202968166962667
-0,2784000636015321	-3,8651334686104537
1,3976875795201047	-3,2749584390019333
0,20351405014816398	0,6683698174520181
0,5620568962595638	-3,8028508579154776
1,528436708001597	-3,2789343668512347
-0,8194084611603784	1,1874253101419585
0,9059875826535615	-3,549128244767492
1,2262909289730513	-2,989069434502366
-0,5859955636132244	1,0472742906074237
-0,33720753460204783	0,8847948921327374
0,901232971768181	-4,297304003924895
1,2433242942570222	-2,9870778476277584
0,9691451271738278	-3,6140828581347906
0,002124609962062346	-4,004256753998946
-0,9497864926761961	-3,8410505310337553
-0,8040875179774061	1,6479123055524807
1,0288156858551831	-3,500910303466644
-0,4825809714505135	0,43818723410879734
0,48524293188668	1,1755098473870833
0,43988253052202203	0,9138727572448166
0,903731675685719	-3,1918124836887785
1,2352091876103186	1,0677227996562602
-1,078023112212302	-4,056614767007541
-1,1056472599245653	-3,696271532151211
0,9018894857535742	-3,731561770150899
0,7056766360626131	1,618878319453513
-0,012129149711902903	0,7181326770354479
0,2777853151840377	-4,214617323593332
1,0202398792595166	-3,2028543543572705
0,6022118683124339	0,9513926981534973
-1,1537860562964588	1,2885233705603973
-1,3603737243858651	-3,3282209980214312
-0,02725686691711296	-4,570605309673331
-0,7909110538720767	1,0950180712803623
0,5134537922825172	1,031764511940993
-0,6992013525318671	1,2776381298199375
0,6539341019002207	1,0382838738423654
-0,5094260004963121	0,42147763040058783
1,522790636350465	-3,3320627852509155
0,5013011055192604	-3,936266425190173
-0,8940180823698114	-3,7477045577577837
0,6338026234929612	-4,001179623634313
0,7506989720857948	0,9253346148946126
0,05929453147047842	-4,298243812423317
-1,285703142514521	0,9304341994299142
-1,099910925908067	1,1132116800244964
0,39692296025160495	-4,095623856929434
-0,06792602677738338	-4,158986995042527
-0,9829471132680617	1,3830883791694992
1,1028651826498685	-3,8706065612885956
0,7396679692297305	0,7306109937853869
0,8712431440023989	-3,961232109571294
-1,219795595908579	1,0316470452280355
1,0710351924398396	-3,0662332197293876
0,6440832144949082	-4,261147913414025
0,4662037137573005	0,6682492181044279
-0,7519439238958604	1,2662336871063722
-0,8249006134334962	-3,561796066511579
-0,3387464738110107	-4,113469922680219
-0,4243327108348106	0,7618467082464077
0,6098276155028456	-3,777309419029094
-1,2396458953385403	-3,666767347126188
-0,13076974372566036	0,7819293611171685
0,4026480129002472	0,6505890989674004
-0,22843303503805806	-4,2689744527735645
-0,23535026149826047	0,7736057915596382
-0,9177659013981372	1,6675643293298632
-0,3268830003603822	-4,56588798565714
0,39336368850161263	0,8011539453372176
-0,7165136518547187	0,6959443706860622
0,9818879241109	-4,294129124817697
-1,0029584882215834	0,9982650768586467
1,1142547865048194	-3,806051285484766
0,4563471263755536	-3,808573336659442
0,9315879225323023	0,6465016870816933
-0,4416757857588538	0,4823303325233115
-0,47665688929605754	1,1233183926755557
-0,1340411148340882	-4,595399046492376
-0,055086988315581426	-4,477924324104758
-0,08580322197698279	0,6046897816218899
-1,2914616488155481	-3,344171555143
-0,5391155232958645	0,5105813831217048
-0,10875864494461837	-4,304908620179085
0,4005433515097364	-4,146344045263907
-1,0369545998420626	-3,731343011931977
-0,17572834892931954	-4,14956316657921
0,1284127986932482	-3,956253675856449
-0,8903863890990967	1,308182278982238
0,8766359753486561	1,2571917774037675
0,284262223359372	0,8429468805633817
0,21994708327352858	0,9454557936852015
1,090446735642705	0,8972688462904951
-0,8120939105136137	-3,4158620032997162
0,46477769235586053	0,8052648491189689
-0,6621387580944097	0,5957499290295389
-1,236499269914026	-3,6684690511446325
0,372355726237692	-4,2302715613714135
-0,7019399184633941	-3,2434948036694653
1,007147291523894	1,6634840017675232
0,19354823531462864	-3,9465411485798
0,8933895740306523	-3,9789565445864783
-0,45253590110873787	-4,274239712152577
1,339025937321129	-3,622232302728525
1,0270641623095864	-3,385053476534851
0,4206581031747292	-4,479116109488029
-0,5144516968540213	-4,074005205756192
-0,7641633828861893	-3,7049664014949695
0,5876863603183899	-4,030057929022209
-1,0617114107327932	-4,071083419795177
-0,4018343364144472	-4,389028667924064
-0,5069752149320594	-3,738533437779436
-1,3317885003393086	1,4377967423254387
1,3422132772527522	1,5430816750977956
0,16250806538442386	0,6487549250785831
0,8885843103757264	-3,253358158318126
0,7576935156002792	-3,9972112559393564
-0,26470400546260786	-4,415398638548077
-1,3381668074787956	1,230519316819548
-0,21485685497377238	0,7830342554863188
0,6631448530307122	1,0918150280883276
0,233184810045949	-3,901070771613907
1,2661359111339727	-3,4331457406523898
0,07992464332951742	0,5222276833903332
1,0770740485969683	0,9380435242950519
1,1893912080452091	-3,0122899258517797
0,1413481948127265	0,8628472431756826
1,0121403319153668	-3,0574013467028354
-0,9538595061764106	0,7092717120982441
-0,7773149064031565	-3,877393359934921
-1,4586583673223175	1,6031644957491706
0,9187375531059712	-3,661490669191678
0,1135014429242713	-3,939761324541089
-1,0582427207563951	0,8609629115744604
-0,7512499008552483	-3,635036335390026
0,8379468735423743	-4,313840949525349
-0,18963420757272154	-4,2427064722792736
-0,8114244225467645	-3,27839508713229
0,34539996945389817	0,973120205216104
-0,11309373672896253	0,9848425791209675
0,8996938898019814	0,9670131883795804
0,42529405808415544	0,47754939912347116
-0,20162704145320218	0,5004628851098991
0,9289095166374336	0,7862131052737811
-1,421790163842754	1,3937461904701447
-0,9660717939329048	1,3853727587016356
0,7699147208384912	-4,116878384785227
-0,7188544867457215	-3,683773924190644
0,5520548547182137	0,9935914863146201
1,2940861437769697	-3,002431490944153
0,9231344821405719	-3,122282787128058
1,0109337889527974	-3,435020086380068
0,763549560459755	0,5073767247914049
-1,23322611550514	1,585992361533469
-1,2357181433449587	0,9332246514370166
0,904509204076991	1,1925152171106417
1,2164535054975132	-3,1353785785127317
-0,8113471528920733	1,6130049548178464
0,8389662639554183	-3,1755420428747154
-0,0534438095328003	-4,02060793425088
-1,316280137867707	0,9887249511614709
0,9371746953127744	0,6880981498211687
-0,6091572382697964	1,1108659295073493
-0,8523036676065661	-3,3613809245463337
-0,18168210498990317	-4,254576445505819
0,6559325145527789	0,5247887039358607
-0,8773966716740198	1,556436928511568
0,8192182293610311	-3,3249775553128043
-0,8578943317008557	-3,5522436414710548
-1,2260298789882547	0,8499578626284587
-0,2887799465207773	1,0039263032300811
0,5253020313132237	0,9417191700905622
0,11665690631507639	0,9092671849579683
0,09949868353946303	0,961316440586935
-0,8410521911061848	-3,457981795075553
0,5482173013353517	1,0387064197844043
0,2432222539418999	0,9019224204094569
0,9997626996993456	-3,588689454478036
0,44323096214045443	-4,3506393675535815
0,7571148307440428	-3,856438727006674
-0,3384289112987239	-4,344601190069842
-0,016848564486744863	0,6742886446023324
0,9407875220906103	1,0839350011244746
1,1355712034205583	-3,545628347276053
-1,1123819064972267	-3,678500272580172
-0,896586548805781	-3,933763815488369
-0,4847656174371737	-3,7104600201335596
0,08026216536506559	-4,550173193470551
-0,7175009467036855	0,6487350699673124
1,196319850369336	-3,0662136247797105
1,2432096562910149	-4,037190618092604
-0,4069631072673976	0,7418390125118948
0,9393393158941602	-3,3819201342884986
-1,0189248009557088	-3,6538102996184008
0,06080676263169198	0,6933604149736272
0,9556138039072826	-4,205794859522873
-0,8941794888366787	-3,4758181302765205
0,2567060072588879	0,8870986399528319
-1,3361527892529916	1,8253106055995805
1,4280425048040766	-3,2261649214185666
0,22734765739618595	-4,205255693335484
0,7391908880327734	-3,5645127773353136
1,087448862032814	-3,3032394122469397
-0,7110260642829442	1,3754412797135025
0,504462577815173	-4,140763330423423
0,6283623156310303	-4,066916019203907
0,10247234382307248	-3,982559479253995
0,7037177330193773	1,2757733701255516
1,1467385524321279	-3,633545302162848
0,8408792177209636	-3,6619060287728677
1,3033135479740288	-3,7203327880550643
-0,3765743570191866	-3,9540020998977514
-0,558291698044646	-3,6831366486948527
0,8619694702729305	1,5412747739153587
