X	Y
0,5929200534781052	3,015831345126941
1,4218208345817351	2,096615792505492
2,710141392492355	2,1046433587077447
0,35688266938317903	3,5839975659191903
0,3160916724287571	0,46978852412214533
0,9137939437770314	2,4981855841467144
1,668422265325938	-0,3983600742291058
2,3607471662873323	-0,056389915326387374
2,140987740884719	0,0030190157030007825
2,1096598562639297	0,1904770719431541
1,3916992273096833	0,42646145141941094
2,7424830755840968	2,2184215766219655
2,6392006076545123	-0,5624026328241646
2,2993466253255797	-2,082952479057655
2,5223160016533424	-0,8557783178246456
2,6665827555687684	-1,3600932738044311
0,5203756508257885	0,0335595222190066
2,0493025524687134	-0,28151583972985983
3,121912727064738	3,494023802596152
2,320319584062401	-1,1426845087576185
1,8767367759361595	-1,2114764344679978
1,5794392563254942	0,5016476713921971
1,4241357732184574	-0,24363610764718802
2,5385734251928627	-1,1571963808302699
1,8508020187700596	-1,5127317627471253
0,9192176413157814	1,9132770671656245
-0,2506528583072307	3,536471440993958
0,9178915305469117	2,140141973473807
1,6649278165374526	2,3979296463702333
2,610180250755474	-0,6978987670952828
2,071008369454563	-1,023072584332474
2,946199760379816	3,5525945491473148
1,093450585348887	0,2645945701429522
2,718799458968673	3,5733841629914433
1,7656972841550334	-2,334912118664091
1,0596961035967296	-0,26752124149662615
-0,3685268319734465	3,4182879653658502
0,6766793267898568	-0,11531383337720214
0,7080885922161216	2,8156997701332016
0,3974082460564672	3,549591815692255
0,25864350351067156	3,0758645456242544
2,6196094450719305	3,281919547963102
1,9726540146175155	-2,2371899597328984
3,1345938683291283	3,236648425443093
0,5530846749319925	1,894269720038254
2,645631120561882	2,9723349269166572
0,9462509993921657	2,376845269685675
1,6441461813113816	0,3015895977579788
2,12171417631573	2,2224070670467064
2,368035009643662	3,2611143011217103
1,371124949895841	1,7211562781081668
2,111919459084166	-2,602019993041919
0,6079580392719097	-0,20684675088835158
1,9021898031579243	-0,30184541970130385
3,1339074080263627	3,155394624082794
1,521203918860286	-2,211308163583695
2,5558668746907136	3,1765284308553716
1,9230666813842734	2,2827877223156925
1,8977339138211071	-1,3558262279160436
1,4523355505537245	2,1165493336381793
1,2386869396187512	-0,043772578122308614
1,0607307781154964	2,3937278154821744
1,4363518132564566	-2,1635374808805823
2,275385059874216	-0,8906206289684675
0,4487007000078721	2,530759945366366
2,0886105256568204	-0,2167507127395749
0,5092280143993906	2,600193571166032
0,7374499778463636	1,9574040585880415
1,9408647489106199	-1,4933159641468374
1,6309460941782263	-2,40988120383136
-0,018868075602348044	3,1949469118308897
0,20179132777710795	2,341709661690574
2,3964940857997243	-1,67647992237834
2,6267971145144875	2,395010377361003
1,79318323335155	1,98270301049456
1,3613037309704623	-2,433287262865705
0,32572679772711566	2,396354198834695
2,898850911569433	2,5526220048078274
0,4358899374518027	3,2043092153041726
1,8007106969570197	-1,0362484320571343
2,525931220137843	-2,2550120639253106
0,5944967425352853	2,7290050883269954
1,145585579549866	2,4986775392498766
2,4327928634630305	2,815450917452902
-0,04798233886728798	2,431548845941479
0,995307076816002	1,7310917527770648
0,5053803810173689	-0,0612114243713644
3,1658703887596795	2,6605446345046597
1,4461666475205335	1,9869428540030443
2,651700815517196	2,0776100659288934
1,5162370383141386	-2,035092734647329
1,8923824422556879	-1,292047633789891
0,06298065014823973	2,3175598260598713
2,3706944738451607	-1,5347329505126897
1,182448769566552	-0,11442328115956846
2,0317744084575957	2,2853634589871215
2,514352760742451	2,4185214147163845
1,2567092073432167	-2,3294686488836764
2,364766008519276	3,027742776112388
3,0631582567433164	2,527130922183171
1,2704457566467133	-0,36171492948657924
0,9443472338914793	0,4767728968077327
1,6676298787879205	0,26808957286435064
1,0447204345568437	2,2123814952413174
1,9422392223329665	2,6553001859952863
2,6947028333945164	3,252334552363987
2,2939631140845576	-0,3542755236524098
2,4718185995408053	-2,1462565843429857
2,122566492938103	2,5503867010807078
2,6160086185772395	-2,1105832809007
2,4015981038056946	3,2023533099846277
0,22464626154747092	2,718074839763502
1,3593249993597358	-2,4162789563807454
2,787647568568139	3,2213257440501963
0,6020991497890678	2,910908152346967
1,8257511319577335	-1,168791721497548
1,798747781726284	1,869876010801882
0,6515867705187262	-0,18893258256545287
1,5777252301423372	-2,587924565672303
-0,1465315795287334	3,204702353502255
1,3269315797246977	2,3467027066434056
0,20921120219291023	3,3676339803562487
2,4188330905953563	-1,5167970538350843
2,411419278232372	2,246248814498273
1,3316228584317096	-2,66909004360759
2,2390939800131733	-0,06682991292466856
0,716503387816417	2,6316367484368404
0,24468868162448687	2,4546155777452885
3,304827345980053	3,0556830544181874
1,084689577623585	1,7049351850643217
2,89226644232597	2,661603207920562
1,8164308636993156	2,0962616013555655
2,3678030929846594	-2,1312318183209213
1,3421000061759967	-2,831496890947279
2,3853822380944147	2,098244618619041
2,992158201268899	3,2806541299702374
2,368386102474518	-1,8400347291052115
2,0558900249559184	-1,7233565831933204
2,8994386135606023	3,103120021399636
1,762292613105414	-2,4310731915977675
2,347899147460099	-1,3087883058341059
0,6312988362569625	2,666507866664264
2,5258617370819976	2,1183884302021845
-0,31298574338939145	2,884764326266345
0,9668983224132515	2,3751383463088906
1,9258896092933941	2,4421967586427793
2,789586001610635	3,6532763927387633
1,8873772133678142	-1,2953827824820943
1,8159216325707135	-0,3562471306244839
0,6154948515532025	-0,2116453270011025
1,1839568745020626	2,141121078725721
2,329316016868778	3,0234548734693636
1,5943514532045708	2,2441379621380237
0,46553991790047544	0,29144543837766945
1,2842852258298143	-0,2722866917942599
0,26922244590400046	3,2869316177023484
1,3264825073346274	0,38110541163337075
0,8707194613540502	2,7264604422368377
2,331384107957143	3,0491121467261113
1,5905456505783797	-0,05020425924694005
2,9829902456465867	2,9811400705099302
2,02365425955674	-2,3474768347969985
3,392729066501356	3,377132261990388
2,4884351043181496	-0,3774259969456988
1,1137279635548674	-0,23753670591738962
-0,00957578315364005	3,388982295126363
1,8659077567827516	2,601226336836728
2,4116248446959228	-0,3521114729348691
0,891918087584769	0,2019859914775517
1,259824774787938	-2,231660061277557
2,4315743180020366	3,6112401738143465
-0,03963729437256913	3,1728312152985074
1,2675573151472126	-0,1866614077162334
2,0638734200561775	2,4747619407408084
1,8759017489464822	-1,163413508739557
2,064560527796896	2,270014263426523
1,8721691216736038	-2,938605437642147
2,255207306676396	-1,7854493142457628
1,4533881097117902	0,19197337489440058
1,8558529309992948	-1,1497443513404875
2,7898022192166048	3,1585888774004247
1,5160207986131824	-2,1349791986722098
0,05525877460182249	2,4501888919204102
0,12145596450300489	3,185557219401744
2,4585766190863976	-1,7789512655342148
0,8921788359636975	1,996908198688257
2,692976567713405	-1,8036143739528525
0,524194407361016	-0,11042187963918715
0,9136558968417452	0,3087870073945227
0,48278948360587004	2,521196792971135
1,1255346319644919	2,536835860499954
1,6258596361254711	-0,29625097797035016
1,7116075921705687	-2,63579865452681
2,120817380454641	-0,7745504840554764
2,3640007934495397	-2,3415616455546466
1,9116800146244572	-2,4873781180644636
1,5933251031186848	2,1068125902093753
1,7163061637524577	-2,6321466154852233
-0,03982981469265101	2,454692416198002
0,4116276266262471	3,2603360430562014
1,525596463082921	-0,28183822203124964
1,5518203878106616	-0,5575105590473337
0,6026611066931556	-0,016528601390167985
2,8322390275983036	2,8177865632747503
1,1136331473410652	2,41817758333546
0,8932037251041349	2,191166103094048
0,9104457885352962	0,3995082195474198
2,4498079149547385	1,9292630834433542
2,942825431651372	2,7606216915486694
2,2330043279425476	2,7430877518896377
1,6663872993898532	-2,356646083666443
2,5684787960767888	-0,9391366743775899
3,370663320558686	3,516160169662802
0,49367245817823524	2,499486984004263
1,7565597350764035	-2,1101649071309003
1,4288715703574453	-2,9495528061183625
-0,22024077341503867	3,323429407599783
-0,23193581675534114	3,0854787372627372
-0,03897167343866803	2,7085082811953445
0,5729427317256534	3,0007409568034324
1,3240132366148862	2,523214299892139
1,9235086639052241	0,1868424072581807
1,6816520976271945	1,9360526009461159
1,4787764992531458	-2,5477817038357333
1,1236304806689257	2,5805255944852306
1,889556932230846	-2,5012403475804197
1,2544219565274375	2,3163624434463164
0,05758444489004666	3,156949818947615
1,0171796361551448	-0,18040920945661432
1,8986669383572652	-2,2801791141842758
2,1875472531881752	-1,094047502188264
1,839628248266568	-0,684733308310546
0,9017946875582488	0,5812856008895801
1,2487759118500565	1,9831542983044645
2,3452175697997215	-2,279252836276808
1,9726943259414311	-1,1572184972533308
1,5788506203189205	-2,048809211295137
0,6980737315145596	-0,2564238682250284
1,0559710934617055	-0,2620595136986359
0,5938130635040509	0,006038452112302917
1,9888623202128621	-0,4014539521384872
2,555143708387979	2,205602499658
2,783519794842482	3,053693404455796
3,1486100361629896	3,3165106554029493
1,554769335501045	-2,425405077032198
2,260020290549952	-2,1799569992576826
0,9021861333484603	2,5726292093222582
2,2216628727984506	-0,857927880853946
1,4007983183131167	2,0744796428665464
2,2902260397076972	2,3155109220100654
1,7174083383754373	-2,2548770499065034
2,443670160443133	3,3681575787834084
1,9628536299548904	2,5783728184698163
2,566043384165934	-0,3803886640946874
0,6842721026251568	0,33748803956720796
0,5908844819208846	2,3293344881909066
2,4953934725742934	-1,5251610798573751
1,987101334610848	2,252948899809307
2,691265344783398	-0,9283735653531824
0,35937290800006605	2,6586590109988664
3,0698193964297973	2,8611114095222154
2,2714611739845862	-0,6661861634901878
1,2782117383763392	2,3069186837300997
2,4632972264729274	-0,7001393317622913
0,46060029119883816	0,5128739412799819
2,6538726418722414	3,4276250165901345
2,415926858641427	-1,1147264917834394
1,6905803091405067	-2,419614729700667
2,032782155363196	-0,7647830777259317
1,6556025988046357	-2,0829255546381056
2,0735907539540515	-2,600934580896026
1,3583111863246662	2,1583722778271497
1,4705580643091554	-2,8829122025344702
1,2073577983159187	-7,674821103931251e-05
2,269450469410814	-0,6344013850339649
0,17926376766984253	2,8053171051157864
2,0339370277875757	-0,6245650560220508
0,462414773568233	2,3590360682172973
1,9870410457266945	-1,6914075659960812
-0,3689801654228895	2,9097456648036184
2,6054612674244746	-2,18862563414637
1,292311174373046	-2,230416967338595
2,268320125411709	-1,6994976060593792
1,6008120763234484	2,381429770984782
-0,34852011858521337	3,4744065770290176
2,6549607654559644	-0,9584706030296054
3,040379719043047	2,5883148448074884
1,2701812885888346	-2,421465774042331
1,683512385291851	-0,0867559144872061
2,0388123370345568	2,3362115561062398
0,9236005329716641	0,09122272998162884
1,5275356450662008	1,8054492994837674
2,110503288226186	-2,6664105927319586
1,7654789553690118	-2,0448478852721816
2,4701070345945326	-0,5669331618041396
0,5227509174118103	2,825050747360641
3,070189115160149	2,935679864425798
2,0357968084391036	2,0435331315268708
1,4782835513754846	-0,21056870712229103
0,8398586421929377	1,8481173139911817
0,6746707289806788	-0,15418421135958482
1,489188425068646	-2,961208123970433
1,3510636005044807	-2,808889099786664
1,7757018630395192	-1,8740704642075277
1,7509271618432054	-2,1987567164922854
2,121072506102096	-1,2116054508738272
-0,33486084374089464	3,3154552001254984
2,4007720883007515	-0,7759943714752336
1,7843515841275615	-1,739498365876101
1,9581627340975738	-0,7503082828878349
0,7630825543292897	1,9266556962446737
0,6677103412578345	2,295785010048963
1,2716865316045876	0,6243424167246023
1,9909542920630074	2,6241866073568536
2,3064831540430575	-0,512739412780925
0,8933574850479536	2,177793703004033
2,192564739979491	-0,9598836662233299
0,856489670865792	-0,02590333660835431
1,69874844044358	2,0362618610270635
1,9970883112079303	-0,1435804755780965
1,8238878941220018	-2,5454291898690093
1,475556555389664	-2,475958699528661
1,836134702991183	-1,8279703913604752
0,3767323462488179	3,0326332255948696
1,0506981656346994	-0,12760950924651548
1,6827701340438397	2,244115811692596
2,342364771253653	-2,329885320611093
1,7365884321416085	1,6991306133235728
3,2607225448835004	3,4398508150592315
1,9052040698330774	-2,0251444013836597
1,1592682478728584	0,5693070025638569
1,8671033825303402	2,3041678313269576
2,1730813305200285	-0,7309337268457201
2,4046061741689315	2,9382580099453817
1,0378108020826977	0,16048850917302615
1,4238945600954054	-2,3561052988661704
0,3510230123262108	2,5684964507869745
1,8615010530079759	1,7508272354359877
2,9185030641132976	2,786833733659016
0,56333315832753	2,95868137695461
1,023424382807401	-0,29535230062899576
1,8954199758782322	1,8282679151032304
2,162250170289773	-2,4913657757447485
2,261310570577575	-0,8910689857828122
2,81152693897206	2,8214569064124415
2,071786962138255	-2,695788745009
0,2469932360706184	2,500608219013187
1,7698975569745756	-2,003336765033916
1,7811153792271863	0,38659171894795663
1,5324563542459448	-0,3179436322033533
1,8265888688449796	-2,747690559709327
0,5407115069085303	2,7314204550323318
0,582317245274329	0,014925443802084049
2,0200596764146255	-0,6799426471445058
1,4147452856473446	-2,1886415590728956
2,150966551746947	2,64083631673909
1,9231083858175753	-2,6902700550631393
3,0935705300251426	2,5880103757443584
3,1898902139706284	3,215321989757146
-0,2656921435290669	3,083064245891633
2,1622460818153897	-0,035558124809991654
1,0496898331758686	1,9717475731719445
1,7851583888018319	-2,2492529845639346
1,4412596720778912	-0,4319467458836722
2,183789376241185	-2,231212688273127
2,036433872488326	-2,237196239608765
2,107295899040227	0,05557602779174298
1,3776373509289044	-2,7749050584632435
0,07390883903092571	3,534944267143038
1,5837400719095722	-2,114425793984114
1,9530018201271653	-0,2361739633545219
1,7254393303980278	-0,03484856299022021
-0,48109616761689056	3,0081982317413756
2,7312377781167925	2,32717246025132
1,311573022455548	1,6775342835172418
1,8293756949837856	-0,44520674697610074
1,8972542295859989	-0,476569655355219
1,9273631158268416	1,927580030505905
1,8444453163187884	-0,7157455076880975
1,9532846555709664	2,534873078286359
1,8805417111657614	0,26525777826108676
1,5629459883903842	-0,541923303185578
2,533122960718055	-1,1394889302755722
1,4495224549886776	1,761863141404048
2,0420921555522242	-2,760215399403475
2,055287307423391	-1,5450793528299371
2,266961978417294	1,8312879105937299
0,5068947407808317	2,84483889773367
1,7389912735584736	-0,9114228041861863
2,07644311549831	-0,1733079831704183
2,583561171851404	-0,8541406589922655
2,346410560394709	3,0274554023657014
-0,3007374727374983	2,7376461138890837
1,6969569278541003	-1,8319606168563016
1,2019523086776163	2,090139124598791
0,28983979778235813	2,515868840381274
0,47787303153518057	2,083751581182717
1,8992901159331355	-2,3071574810358593
1,8026362741165196	-0,5860494945439996
1,1359714355454065	0,09013418856270827
1,3377986457778426	0,15950865254758595
0,6759792505281139	0,4560506822792487
1,385552284531412	1,7906344964922345
2,190617820916894	-1,8780121925948048
1,5335563387800255	-2,0502881187731146
2,202662758752755	-2,6255993723137476
0,7331320564220597	2,384575779254571
1,8357012840992835	-1,7782190450222572
1,037968099619006	1,8568259672503447
2,0655038725642108	-0,48183572706097044
2,7345960871912975	-1,8393867544807634
1,7091576533065378	-0,28902380595985955
1,4689977910518737	-0,2520400217976655
2,3491503980030357	-1,1946944551145395
2,073083968475771	1,791094409086485
2,257012274515719	-1,0582180982542537
0,7078635834739657	0,2003491802216697
2,411829574361663	-0,49879078195366044
1,662589141874606	-0,5155488606362688
0,14106874106159406	2,756885575536856
-0,15719166629984893	3,3599950571791255
0,23170378799942126	2,534015155171483
0,07551606448952097	3,341623493605555
2,4188629671587467	-1,6904585523571678
0,2001955994151825	2,768349960491183
1,9783147309285394	-0,8249641109314602
2,0227157583105955	-1,2480938782498485
3,2040856959931086	2,9796243985890287
1,538781297841271	-2,2825273747275396
1,5515856960003882	-2,779530577050155
1,721311948564422	-0,6236170918097941
1,0503710249816471	0,1318717341938085
1,799853840146483	-0,6594235176332048
2,0149065819247163	-2,1191260271180177
2,4294458249213946	-2,1617917960406263
0,23609772725893752	2,8040807776700696
1,2397179291442497	-0,08534693789908143
2,408987955693795	-1,638357187470858
1,782439279255542	-2,8652034017120895
0,9922691476223637	-0,2913728157772466
0,6263834100360955	0,18883307026148555
2,1267589226605095	-1,3071157263163933
1,9921139909196288	-0,8758278476080963
1,819861330253032	-2,507437684844856
1,4544760071282985	0,4254622528351655
2,4074563551627914	-1,3588381695939944
2,3858129474968175	-1,3791872784588588
1,6330939602875099	2,476535951681945
1,1859205516961093	0,10663705477588126
1,8042230576593477	-1,8489621319597016
0,21657555492497083	2,4704140290340186
1,9735638542939484	-2,0537083019295164
1,2552025985645947	-2,6874758149932187
1,3078620738198465	0,1481672594451735
2,213666829547557	-0,8117738585472676
1,6878381297477443	-2,733803949015315
0,4887728776157476	2,3595752273306427
-0,12422800664433131	3,180005060269595
0,9953801614332227	-0,17978997254422913
1,5126207017269713	-2,693643284071821
-0,33791621746704514	3,1236547543836215
2,961071393191636	3,002036655188663
0,715056016241734	2,1765089776278685
0,7377779595474295	2,355909487118482
0,10376084677137332	3,1300591664597524
2,260327089134438	-1,7388283617169416
2,7947104748888414	3,066908360709715
0,11350361193349623	2,4771315354682812
2,2773440714235353	-1,8499512759282961
0,803391251889861	0,07544645984437115
2,0843200033231564	2,3469101625805653
1,6492837408878913	2,0809473361023754
1,7878890970977332	-0,8940384124860625
2,1722595276018017	-1,8211009055814502
2,8486235749426245	2,840003714988921
2,5395218375672917	-2,2309432181625697
1,891006959371483	2,227557394377879
0,9850374070255886	2,270023324666208
1,0013041584956692	0,3204415926150801
1,722719646096034	-2,9122755796613875
0,8174634517965865	2,59496394353888
0,4285002119967851	2,6813070525654514
1,8463419544590411	1,9888033611662503
0,4873410989160388	-0,04654111756786783
0,725989552071056	0,32245963810649636
2,3855994412600485	2,0560145462285977
2,1581507993117253	-0,37050611927411414
2,6194184527890645	2,9925365379409925
2,4075158396111336	-1,528385367646476
1,2214197153988158	2,6215438560239717
1,1715472300443521	-0,011627687044526658
1,5352219275284436	2,174795413414047
2,280220228710107	-1,9367854991397238
1,7499123259133933	1,8457382994302691
0,5847211821864517	2,417237084603789
0,9283175661169774	0,029523024396976183
2,533176238582218	2,4099130786027367
3,0989927371597314	3,5740392028621444
1,946740090533467	-1,9016852933701847
1,5953248246035154	-2,95768180694152
1,7225185875908662	-2,012350025997348
2,5723892614374444	2,838708284390568
1,9375708608866065	-1,0317521197651138
2,227763947558233	-1,762569353709523
1,7678122895016524	-2,149445041189389
3,1513201713448913	2,672548161485966
3,1342023371720638	2,9631402422096507
-0,3492481966625298	3,0169189847896165
2,458872862485448	-1,6952886090211525
0,3190729221532358	2,7206785449415225
1,3390274862251812	-2,500898420213712
1,366408522910144	1,9153332439266815
1,8040416935716168	2,65443574007265
1,7960039913980073	-0,5710199583283676
2,556050260685869	-0,6942255035313759
1,2445095657911902	-0,23616530300607952
1,9516138928655422	-2,7971464577429916
3,031244877178013	3,5238002604757876
0,9448969253278993	2,4032358083021985
1,5272218168303744	-2,1057198434777846
0,5303689809666867	0,09961960162338102
0,2857768243410559	3,4242600378364294
1,7728948518894918	2,286744019352118
1,6604596655947954	-3,003255147182122
2,5115788931843794	-1,204521080810823
2,943549560727824	2,532252706796954
1,4325130208312968	-2,4411849869230906
-0,08062569170340383	3,1284389109164015
0,5508435353219384	0,04037017183438585
1,5019111651734285	-2,7446161334047288
2,7217909804632465	2,9627575380429647
2,6754846313664618	-1,5944580012985572
2,5031899589925173	-0,6953602972575208
1,539529677517988	-2,178001215565656
0,9153065260968786	0,0771278666098687
2,3743712203498992	-2,2906240625451657
1,0055306163535094	2,4414256258105125
3,367788811558712	3,584956171844549
1,9379325422436866	-0,27188902205960197
0,913560716741877	2,7122236685022405
0,7837578813854353	0,16508177477511277
1,6955491838677275	-1,8738371220647219
1,4200322009229973	-2,7372005347830455
2,318470582451255	-0,7989822299191152
2,5185162291440855	2,7044374139417964
2,577317799417144	2,4376247486680853
2,262028671305906	-1,4053025654915061
2,4487013027698605	-1,5612709836842935
0,9893636462072539	1,936396779643824
1,0212046630925937	0,12349281685095592
1,9632046704411377	-0,02919169049591419
0,053644185127592614	2,299793546631772
0,5470769775505686	-0,15791240804728357
1,7388104993443494	0,2590980918294483
2,9544361289149412	2,6711925519770965
1,0161360685783787	2,348785128197205
1,9650860794312521	-0,0686664067594267
1,7287898183569137	-2,0441799529717324
1,225608242522035	2,2190245324071993
0,7200867995060674	2,107305143337764
1,7233081686607408	-0,5276005050091909
2,257878474201586	-1,5290657740730325
2,1328290822964813	-2,640267423820533
0,8667995385279214	-0,07880663234220653
2,3896899210468447	-1,4493074780099091
0,4610143448448653	0,13985004699378156
1,2512648213351167	1,8517520961128908
0,8765977776763823	2,694464075419315
1,5707658634278958	-2,146999046927907
1,470204694246911	0,4998677220534906
1,6374404912088663	-2,4476154145312092
0,1683751418930537	2,528421703710247
0,6148833055001424	2,9372258067551646
0,24882873723687782	3,3137673968570365
2,406590596674647	-0,6307579555221282
1,9144103926672233	-1,1624575754285418
2,2068941196091902	2,6578747643864546
1,6464399224669632	-1,8872869726702381
2,275360394377901	-1,5428235103181707
0,6117348516003491	2,8187213287970145
1,7018537514191203	-1,8041151124200412
0,774637588567718	2,7611896767303756
2,8839296759551596	3,0126500296179843
2,360174590764915	-1,035746156060871
2,1914938794076306	-2,1316280679980792
0,4861047669830919	1,9340066737978585
1,2481836721547808	-0,3060643567869812
2,2429636729830458	3,0452968719399007
1,7807164196323055	-2,1777090926907965
2,230835358534155	2,465610902209954
1,4932388745398946	2,4920314133180863
1,9443218176956414	-2,4448719977311963
0,3396441504854493	0,510700179662249
1,3031016053672961	-2,5284194797859554
2,85380124312566	3,64768379692905
2,1257350114427203	-0,26975318641584933
1,3017750598082198	0,5660718408617325
2,3722403643403664	-2,4227718141023944
1,9431750373137733	-1,2470100568869373
1,937399668473694	-1,7743686399686815
2,057733409733626	2,577253643214552
1,8052699282542517	-3,0447356409017705
1,5657455426639733	-2,6903817811291204
-0,07622460629891004	3,064357703389363
1,892212038179902	-0,6887322744587472
0,8889479690941628	0,21685400118404408
1,0342414411629706	1,7771335688711667
2,0488000673234703	-2,7643032154645004
2,5623149761272055	2,811932093724056
1,981757212427369	-0,04598404125045441
2,290800195803763	-1,276675726057181
2,203281838851561	-1,8032183398879014
1,5300109048541368	-0,5421514835486223
2,0173688866089896	2,5089615361854842
0,275823681762271	3,27190149886023
2,2306155910116034	-1,4288813240907061
0,2137848289113553	2,6894490883558007
1,7832536820420035	-2,4691494553833486
2,1040345355176697	-1,8539983170476202
1,0067534488891607	0,4729840891798247
0,5021738016124186	2,791835754862861
2,114961165413508	-2,57040064438342
1,5416565776139974	-0,49349030887015943
2,3928851498225523	2,3398963465671447
0,19997210424750422	2,716075707660531
-0,3921413512080867	3,1385911938219007
1,9133104318723362	-1,3245682683591804
2,6655254626809004	2,6247085758368076
1,9863508637586569	2,347113714427616
2,0213417950315136	-2,756318569032686
0,9244356063608477	-0,24185575592856523
1,3040142015449057	0,41530429767167787
0,5426259357248635	0,6206454126581751
1,9005048442961225	-0,6721779450608869
1,9126079369258764	1,8051457483503144
1,9995406318028501	-1,3629892319415222
3,12263655472438	3,6429258365622443
2,802216264894268	-1,3065516107443331
1,3805519898761862	2,072207389433141
0,2555720365193219	2,62907834782171
2,5390971707445606	2,228608013455502
2,5512266621811266	2,811269535942242
2,3187809019175685	-1,6946955675774533
2,379091836431689	-2,059969368524984
1,379585072258199	2,572543848438729
1,2183782590548222	-0,16894038463269956
0,7742877958934211	-0,3157923252038184
0,9194069902930218	-0,01844020475198138
0,6947880986255319	0,5022683245055759
0,5371788542643001	3,0046534277023076
1,3480015075511997	-0,24366676792447217
2,977084940305383	3,342962277101333
2,5144247834363282	2,8800877475678375
1,0157096411993278	-0,15503401844175269
2,0421803441468187	-1,8450217175882433
1,1125146064347111	1,7193633123868202
1,1071258112022324	0,4370862307024681
0,3048690366718083	0,4754971677517992
2,69764210848194	2,788816531974662
2,3855609881401003	-1,800396785653191
2,4893427361281084	-0,8091722286412605
2,08908923406547	-2,778924987981348
2,3951967389893225	-1,1739770983104914
2,2327632243805335	-2,4840091124632515
-0,45561918065829676	3,3924272550937893
0,12832552162412525	2,212890606619819
0,5929465111823936	2,8567328025327985
2,6620579328133536	2,1890273678925016
0,03594072885280242	3,476347006229336
2,5373322357585746	-2,2159298530623
-0,22984864145057227	2,583068774037634
2,310717016683263	-1,3961728512845286
0,16330178046399313	3,0472177697728786
2,1386042505388714	2,189454193255473
2,1691173766010303	-0,3047061987911359
2,879187235380943	2,8234472750121684
0,41954122546492867	3,3183475575266574
2,4691930610519854	3,468656576776888
2,7821190080977116	3,1329894346814386
1,487406741248805	0,19023816141405647
2,02511419079239	-1,3693682391679811
0,8523762105802843	0,5303528712117298
-0,14776886110529475	2,886239492612183
0,904579512750139	0,4091065448406801
1,3183243622197227	1,7856949774734743
1,9450588951041126	1,9216238150592302
2,4484127547909953	2,5818604395641076
0,8911734813623191	2,0389105187242973
1,3984016258389103	2,4015852348906295
2,0666063430548967	-1,7010895507340127
0,7537646613431462	0,425537208234666
1,3243117851115445	-0,024812333553135613
1,3775766085188828	-2,357701517894702
1,046516891171807	2,5791725686148452
1,6622968546110362	-2,628158974441046
1,5175981090388642	-0,5147357052894564
1,7854727268970303	0,27472589433966954
1,9734723222472856	-1,6036550112913626
2,4281370510107134	-1,3424591036329474
1,5293337151518587	-3,0009384136909145
2,2828837941232907	-1,9268153362763156
2,079064483277321	-0,8558815906577131
1,182220831730304	-2,449869705220693
2,480966803319576	-1,5246574858726376
0,22053774454721542	2,52190603273791
1,832353228742181	2,4145697943260824
1,9919554319754438	2,4845492657708235
2,0358500035346476	-0,7863578862655313
2,131930489535857	-2,000142333691681
1,344065622410149	-2,9696645336250076
1,3722428379935165	0,14004155505203508
0,8671051947313191	2,5519143486583986
2,5863655021552248	2,9893169944770808
0,3425774492198099	2,8521331998700346
2,087058882674074	2,013186541880787
0,456259531500534	3,1523122433818713
-0,12676249254767957	3,4711247479082115
2,266671279010308	-1,1115480963663034
0,3923966715121632	0,6287283898513245
1,912138496148092	-1,4852371461270901
2,1482464773287364	0,10000429122954335
0,21467515946906257	2,775150403341807
2,371974172983758	2,0542941565202613
1,3806775184813485	-2,222062889970933
2,2509094262469374	-0,8752903926827204
0,40243379851193617	0,6134126509750124
1,3811248745241367	0,24306389705877174
1,610880725349797	0,07455133182314899
1,1979839336256544	-0,03603362840345459
1,470211360417423	-2,579252364480025
0,7709441535350452	0,44322409137309604
1,7228555656493696	-0,8417333255643592
2,404123310591582	-0,6206574158504728
2,0638943204718	-1,9589116845229269
1,281447200085088	0,5025116359204405
2,7466578322046167	2,6947706522894057
2,7194587974282025	3,0412684867968425
2,0968442148664024	2,2432990446444236
2,0409697989432005	-1,7576796968683257
2,398289756209121	-1,3885132950827779
2,8789357376165943	3,537816137877239
2,220693035970121	-2,0439288668703046
2,050163552500726	-1,3419016266308657
0,8836763826571061	-0,16928516002306337
1,854594501911658	-0,4447889771215596
1,3643208469187145	-2,4642245857348977
1,9550755560760784	2,2388420038581707
2,1578736802863103	-2,419680557898599
0,2905979918427912	2,952044190317925
0,23914296154746673	2,7674492349940696
1,8003136461633034	-1,923663275791891
2,3914666083448144	-0,7120128309777133
1,8731721158461374	-1,4830791938770154
1,9962782545096134	-2,8514963704010476
0,32507033425525567	2,8223074757698767
1,853515729689566	-0,4966822650759586
1,4522099212281623	1,9913269962235172
2,4584832426301313	-1,6815519797623586
1,4118682098573683	-0,09558266985102226
2,1262821545793855	2,7834178197343054
2,568452327551308	-1,004477808819094
2,161760075514869	-0,8782729948275674
-0,31306146966021475	2,72462707566101
1,5831187485465041	-0,18175108991399624
0,5734899885472935	0,40670235228484475
0,36126360873423535	3,144278326588476
2,082792317999651	-1,4000476928983687
2,142879634616852	-0,42583064678622407
1,9810684048895921	2,531173723085643
1,7418423317640155	-0,7286595828385793
1,6852825530116307	-0,2532902365139018
1,1311380146922274	-0,26729626035284304
1,3786446036536204	-0,43181148411243564
1,1833275561670953	1,7108770284359593
1,3281323607100233	-0,1347510152028275
2,580327691699785	-0,8629669419550972
2,581661343010423	2,890818777758553
2,0342406504722623	-1,9513453307126332
0,4003800481516131	2,91937971746114
1,8360668633959105	2,1158340933205624
1,4822494169929739	0,2621936007156396
2,499199386760652	1,9906916805984616
2,584662702277628	2,737754600277378
1,437250400093577	0,5429359897790862
0,39590186862358034	0,21272955050313747
0,16354774630667257	3,44300130481597
1,7753990609048447	-2,397626098885267
2,6989412594181816	-1,63597535348863
-0,2795440619011804	2,79605530904314
2,035939409695434	1,7838663863585227
1,2289143761209598	0,1682156836351798
1,0378409044407908	0,18239152767402245
0,0963158153357564	2,6122038173461624
1,8291111387096495	-1,6855133724811158
0,087895010275713	2,727403284141822
2,7401972570487163	3,4428969745913074
2,316226381973462	-0,6189776270474177
1,9895309655552758	2,5601519407213815
0,9636491282620276	-0,020601528190492546
1,9867946846071594	-1,1301344440515182
2,1143148239243503	-1,433560831180433
0,6776802562911406	0,5056987941063715
0,34393322791470937	2,494964086353784
2,603473570436199	3,1367594005098467
1,9942981566499831	2,1794944983958473
1,5748653073105747	2,617287243630952
0,19154247808548064	2,450930346910938
0,9823758564437448	-0,31355378198700445
2,421427275125546	-0,7958295152814782
2,334128510215705	-1,2029596345956737
2,015405048725702	-1,3939294527838864
2,547505312133051	2,2166340639739
2,2793499040601595	2,0450210968790508
1,1222353106351368	0,2049734834923811
2,232841191452534	2,3570858669731756
1,58571815390442	-2,018328367520757
2,3520980716638116	-1,0771296373771755
1,1147732022638928	2,543921614499061
0,9333723302102728	0,06733685364528497
2,1357827453571923	2,56525839258905
2,4089904265899156	2,4112905301119705
1,941035115578504	0,30656885552108815
2,2067410592903722	-0,9304545016004364
2,4631156060518276	-1,3539076667125045
2,309013254837903	-2,189337659561101
1,861394960253537	-1,2892359359345074
2,0152053156381315	-1,9566615204874598
1,9075241714974924	1,7746117967649029
-0,24255360023722372	2,857862763130995
1,1937148338834869	-2,462657498243236
1,6530882838908432	2,51134780329651
1,671980077098469	-2,923598348149076
2,228353246665335	-0,44658208375270925
-0,04679468101574247	2,7237376834643916
2,753682169339239	2,3734556965622056
1,6287777577173277	-2,7665227593886597
0,24754977659709887	2,3972541382930315
1,4394631643814177	-2,6212480943154803
0,2512062544681226	2,103065351566953
0,9533626470705423	0,11883748603722588
3,1117537997743074	2,7228601427916552
1,4133497990219206	1,956119718946662
2,6406297057701247	-1,8462788513588353
1,349329837031492	2,5545378440490536
3,1855965101918073	2,832268660475818
0,876808724323793	2,510971490059002
1,4580994482272973	-2,4479778963083154
0,6032376043902141	1,984154260183612
2,730262887131299	-1,4454911407834241
0,5055120039094299	0,07977563240823637
2,7598318139932925	2,748947857870877
2,208600470282285	-1,4676306912622625
2,25695134355289	-0,3846330933608171
1,784856769176365	2,038652774988703
1,574546683338153	-2,0755591228836785
2,0995350298543465	2,1338568063229704
3,2751078948151413	3,301108635456564
2,0472933784341887	-0,4191849918652353
0,8709603876740547	2,743893209248007
-0,07390971072651142	3,486542751810527
1,4650597222466542	-2,510679254705026
2,7931990724240787	3,5825508592275273
1,9809008203093275	-2,6977774694174914
2,0213222141457567	-0,9651932916592671
2,243522497947183	-1,9176352236602516
2,0069048091224526	-2,258097757498907
2,2437134959823406	-0,05937335017602274
1,2374314061672127	2,5236978695919623
-0,18075620157877914	3,13761518533333
1,9175845112257903	-1,9850480649435829
2,636729167158954	-1,1139127228170116
1,9645021863150973	-0,6696632832894375
1,0474037457994854	-0,08424188172801594
2,78643339465238	2,7618244319166427
2,8041171256443502	2,6805430273799424
2,588310552855554	3,2891750768094488
1,9511231608158968	-0,39417113247310875
1,3596522872544958	-2,74989751444477
2,0286283127962905	-1,6119758946660974
2,1992785389956975	-2,380165592388742
2,389322438916528	-1,2280129016885137
0,4920586966155286	-0,22048554523966035
2,139003141087119	1,9591258838828458
1,1045382675490512	2,628377839276454
1,5803765707945527	-0,5020085725014606
1,2809023790146208	-0,32263185496002034
1,4110131176994671	-2,300996565864116
2,45606711615857	3,300441144425841
1,8065153412638302	-2,0289478544588415
1,7793459318601041	1,940590478967134
2,492659184220803	3,360932653218652
1,9961532378942077	-2,103019323003301
0,9857795858596854	0,4490659913881443
0,6468484739626452	-0,3067879387271486
2,085020446935007	-0,7393271218205963
2,10084730558712	-0,5453673230671597
0,7432103317428391	2,2072223782112634
1,8312048003782597	-2,779545242623104
0,6022784081762357	2,105574055542197
1,5146636095055481	2,57539210269597
2,758420626532497	2,9667798948741044
0,8425006150983149	0,48499953379349403
-0,4066977242122354	3,21894689852984
2,7851066109888634	2,5188158605473094
0,836123249031207	2,119806309215985
0,43843666782630963	3,24203207770093
2,0522179027616385	-0,5433616711998457
-0,14750865393461132	2,9593346564045246
2,0202360628104885	-2,7862027265694875
0,6069708842633422	2,751220606024318
1,9699949148851288	-2,1357039570930914
1,668797653894309	-0,7581422126911295
1,58210611969618	1,9976007053016849
0,34256969857990116	2,0833535882472427
0,8133104732138003	0,1135876406681482
-0,07639411509722116	3,3447245102220675
1,9066732451512594	-2,65747889757992
0,6997499952519963	0,11866962917805646
0,7355467053730385	0,15282999405033815
0,7076231072693101	2,007649061980734
2,888411467946555	2,456825469083184
1,4458363520811632	-2,952853945243145
2,1667394951497307	2,425835026750724
1,2165344133712126	0,2026382744674411
1,467980088776051	2,4391410820645936
1,139899996001089	0,2504380810473834
2,1114754565521494	-0,6585368810282574
2,788338360090772	2,2950932820198644
1,8637921611426005	-1,2882380616353981
1,755338881849065	-2,6941702034751547
1,813896906808723	-2,8004741850177117
2,4022592103304143	2,9642060404334085
1,4766435095772823	1,9310792845497773
2,1857496754615995	-1,2103417117969895
1,8975309059238779	-1,442008191416981
2,438619949536471	-1,2454219184072708
1,3012818334148046	2,119164499645988
3,0140525784980152	3,34036313736182
0,7421134674271711	-0,05478663819880425
1,6553067569176845	-0,492908346479632
0,7069627596125441	0,40625673230142034
0,41826004613042356	3,0390405672344927
2,736331061682189	3,4761603903989835
1,7957678363652283	-0,38179286553200964
