X	Y
-1,1969966146614421	2,6811098019723767
-1,283372458105407	3,196614668055302
-0,7682189003778932	1,3855711298581301
-0,44538155624606257	2,1819152698221536
-0,6265388605274302	-0,8783103675910833
-0,4050844888991987	1,6234496736420194
-0,8584495254149986	2,529302587734857
-0,6077961586561831	-0,8222779068849507
-0,08043532338302051	-0,10004086488511987
0,19954516752157292	-1,6412169896621163
-1,3524312839161277	2,674351743671081
-0,8488703161860209	-0,5755361477030608
-0,5702325074395461	-1,0704239138691118
-0,8738400704151967	0,9976713648629104
0,524406739656794	-1,8663294348390407
-1,111633117655177	0,5899495011780209
-0,5224252521718677	0,17521105946076365
-0,46018833018216987	1,597163820068665
-0,7880056178807701	2,4679194383579564
-0,6396765020414533	-0,9215870030200938
-0,3569290073822584	-1,7912250948614845
-0,46029914006501715	1,8667237026609256
-1,3145593098269528	3,0282285034566554
-0,23082935890667933	0,25841061747248184
-0,2848471616881266	0,23638265333529773
-0,6934438836690751	-0,3519500254297704
-1,0320953958320613	-0,47539218834228036
-0,8373786239284382	-1,250866101855364
-1,4928762172819936	1,2016269679145066
-0,799521708136778	-0,2969945403816898
-0,668741959722793	2,0860620956913736
-1,0156904379897307	1,6987407441327282
-1,0553326847492688	1,6336172023203699
-1,9039992144713451	0,7200718821625973
-0,6534637007467377	1,587507247778357
-0,6278896000836962	1,5361222899320368
-0,33882729076042706	-0,2113342960390029
-0,10789554423034947	-0,05246597840486422
-0,8100734665111176	1,91269652647705
-0,7227517944019435	-1,5498281483723702
-1,2304812650415191	2,8476149812081992
-0,5428610573972255	2,2592355714068093
-0,7700269967120406	0,1109343415227112
-0,6654560958701901	-0,30437920556968673
-1,396913519528764	0,5924240454291558
-0,5089796677526107	-1,1482581270837722
-1,1016885701202401	-0,33086678506137035
-1,3501387947678167	0,8132095632839484
-0,8957195947088956	-0,8596331878752226
-0,3728253762845397	-0,18784771559268
-0,5741123738967437	2,3965396658458356
-0,39992554253333346	-1,3410600294143855
0,4062776167204548	-1,869235433870096
0,44518939739991353	-1,8758200359313266
-0,40907616416586245	0,48520446528992367
-0,3919903872503754	2,2450656199268595
-0,17457517189322858	-1,7595078398663064
-1,7067141764028644	0,6405823081596769
-0,9004396651665942	-0,8738383334939283
-1,0901647705742714	-1,11983966740138
-0,7530222988771527	-1,5636490337343254
-0,2967689413067639	0,5899706076979059
-0,41768892535084645	0,19078913393844654
-0,32742546981711673	-0,18060143847455024
-0,3746842137409714	0,31791026077585993
-0,46362498214137293	1,4140926377999001
-1,2187680475870368	0,563795886845895
-0,23644096464995323	-1,5944443294300665
-1,8905010644093516	0,8782817747598655
-1,2651053256847398	3,0492387717143243
-1,309310103753175	2,8563217039938267
-0,4673422767070664	-0,19248329526984542
-1,3206542974102367	0,5297841798532046
-0,7957140429226353	0,005412950199132127
-0,8127890869524625	2,6146202308082045
-1,0565682784519808	2,3083984637579373
-0,7407855655648565	-0,0052334492544787725
-1,1933741161167948	3,0044941003620163
-0,8837421453785563	1,5756433986069402
-2,0787902016153184	0,5261370509250038
-0,7083025385992632	-0,40858141679248206
-0,7500293302369991	1,3695884505227875
0,4809662394763553	-2,0266303146829436
-1,183181559682548	0,7487687535529102
0,5027063981674817	-2,153768639928242
-0,08058124386564763	-0,02885266670724551
-1,9085880512601823	0,9034120941846382
-0,6039652143866462	-1,681394773847565
0,5123315858016988	-1,9812281552995579
-0,20586351622087373	-1,847868338193495
-0,7571319985851599	-0,39948625852983555
-1,0038158398608568	1,5973477370075704
-0,9627112581818277	1,6543072293781576
-1,0736626518118702	-0,4252269526763654
-0,6501112196181098	0,004775773430363284
-0,6778452905958199	-0,577519239866882
-0,45408240957652535	-1,5724988815271557
0,15800905381807492	-1,8756438901144996
-0,2873476576932644	-1,334005942297648
-0,24922960462011123	-1,6839662941194131
-0,7467569944989607	2,283832996110199
-0,6948179255994351	0,07852914960297164
-0,6235324316629696	1,0583650851046251
-0,4028026476762335	-1,0636278942228858
-1,3967316181773057	1,2520984874548193
-0,4493479195961392	2,0808844389185244
-0,48577768451167525	1,8409639560792477
-0,171409764111209	-0,08654035681105499
0,08723807949411458	0,24470411969077566
-0,6084641708698479	1,4779233952122102
-0,4838359266304264	-1,1816236114899559
-0,9054960518580284	-0,987169027802486
-0,9339190109485116	1,0455152583863332
-0,5912887082986689	0,03473875397737658
-0,5843653317451372	2,6298849563969897
-0,24909401171532997	-2,112592864705232
0,03480341035486251	-1,4675261371682637
-0,7631728538660445	-1,363681104998556
0,11185434514302361	0,28446529475982096
-1,2498400437643395	1,3674008904761057
-1,6972579509612475	0,8822751556211781
-1,1150315805957043	1,203377769166607
0,12188611014841194	-1,4926468402397408
-0,9554311714178336	-0,040590509362724014
-1,4399679936843572	0,5735749612479133
0,1560104049267665	-1,869531933637539
-0,8716142938383351	1,3808496694591093
-0,9919658002107845	-0,0793863156283281
-0,13788624270865746	-1,95667554056335
-1,047802678207753	2,4937769276995914
-0,9191773878717497	2,861915827770878
-0,41472346949534655	-0,26977933041340396
-1,8978395593503992	0,9556641087897816
-0,8880051029227201	-1,2081913154357058
-1,0217554446853918	2,360907453014571
-0,5405466968458874	1,957403097024527
0,21594812888895723	-1,6502352302866587
-0,7322942914792705	-1,3625803496530233
-1,3448253648819124	0,49755328301277
-1,2209370936108417	2,733502749312551
-1,0656185795472544	1,6394600915321493
-0,15210264272154916	-1,997759788223178
-1,0438228302044434	-0,2214828271303949
-0,11153167693897598	-1,7330934574126755
-0,4694591501967018	0,1740245444524725
0,07614583737838299	-2,1454666187013287
0,40597896850003	-1,9298983280300115
-0,4445968079469511	-1,3249354341153352
-0,6071743998796288	2,196673986259171
0,3492368549199115	-1,5196765414918683
-0,737226174636932	1,478585241136648
-1,7532260613112172	0,6395605093612291
-2,107735072325841	0,4750107040660614
-0,6962082238639102	-0,9012763543873658
-0,562603783916001	1,1288084470438458
-0,6343440676673147	-0,19397928525551555
-0,616427301963012	1,1450058647343766
-1,6060077282269456	0,8826046585951584
-0,3835689037922141	1,9749659644001898
-1,6132253653122413	1,0983131404577344
-1,0757167265391365	2,5112873773292153
-0,4795980201245309	-0,41031013890291046
-0,9359774464321353	-0,7472655105624402
-1,3739470265744358	0,8946364205489847
-0,6799717723154	1,0979474439927939
-0,5495371039958493	-0,3558138755335324
-0,3314137363912233	2,2698674638727354
-0,37721397134978074	-1,3326446310116769
-0,49651997574070794	-0,6029655602892724
-1,6192387408474915	0,9488603829982591
-1,1357348862207408	-0,4485722902200488
-0,7533512645867311	-1,778675089738458
-0,6709005228929721	-1,015796372934738
-0,8961413064420127	0,7010344796351766
-0,747766776586009	2,687304849421279
-0,4664795443602	-0,2059256602857592
-1,4179776281528722	0,8130686246934549
-0,16856210765682533	0,04452025510592872
-0,9737696746082533	2,817279096753667
-0,4251160124759593	-0,7757077261916802
-0,8598445622527214	2,5399361391847743
-1,9582228374519326	0,8098679160138105
0,0236311235258565	0,07262390058964707
-0,5621489049480068	-1,516733796427225
-0,7500552509493856	-1,3849070130665866
-0,6784190488007842	-0,11399806571084392
-0,3164782188368842	-2,1016178319878227
-0,3291675463104806	-0,02478332903693581
-0,4965684091835889	-0,8566656996078506
-0,004809779631294697	-1,6403106925277844
-0,13477517636218156	0,14521816467773385
-0,7806692186577306	-1,0181179531593152
-0,6939939291389166	-1,7532844329958637
-1,325049661595137	2,750916720628574
-2,0080694711004283	0,6564900200717498
-0,604571245571637	-0,2563414045208253
-0,9302893355012909	2,697788826027522
-0,9642054561712419	1,259977843230148
-1,1815750722996423	1,2666342801298078
-0,44095090945888893	-0,9088854470623174
-0,41842677197046474	-0,40660719013829477
-0,5390610321001054	-1,2460782786929867
-0,9038036797624516	1,9738338214189746
-0,4611533079712571	-0,1025450240218756
-0,6444425400320346	-0,4335849711720151
-0,797787690888816	0,0026505242972529874
-0,6995716514280717	-0,6100095659891596
-1,377436196050576	1,0172016406037576
-1,8908273867887697	0,43550168167617076
-0,6332164434242502	1,0140058982856486
-2,043599236868162	0,6297673779010793
-0,33135570460990404	-1,1124880942873343
-1,0284626966585746	0,9918408604855582
-0,6145567901084995	-0,7996478801364721
-0,7940586061302821	1,4404097076328788
-0,39735736887675854	-0,49281210878106074
-1,2373190619495271	0,9677021412292176
-1,010020395236144	-0,6911201115305876
-0,557466123261579	2,668899602665402
-0,8456012218272722	-1,261006825296668
-0,8750463214427491	-1,276642410975366
-0,8351691542922857	-1,3761185079536196
-0,4009445606933957	2,173822260171727
-0,44284071504229583	-1,0299901587300844
-0,7321256297826453	-0,4142260945345524
-1,0426344930112057	-0,13652350281921055
-0,7554960559783019	2,4372828706362024
-0,5718014412289936	1,8544423493795934
-1,3096958071479297	1,3008379633539824
-0,790562676863994	-1,1089087938351394
0,002488986945963445	0,16835381523714288
-0,7739021599324383	0,1547617141270018
-1,5020329207648746	0,4676359358838291
-0,18552799475170645	-1,4816472289664955
-1,4485548335747853	0,716871685376465
-1,079269533451673	1,3448828753842197
-1,6804059796234179	0,5172744892081029
-1,355110729362067	2,9075381609834725
-0,793497575045184	-0,9768799926525863
-0,9878981510269748	2,6973210608757663
0,4036321909335267	-1,731170293587669
-0,970243900851839	1,7335374054782609
-0,6812919799281887	2,05239276017604
-1,5260334585712134	0,7242293922352312
-0,2836497256053565	0,1242049594602117
-0,2169763988230098	0,048023242798072574
-0,9929270778056725	-1,0400445943802648
-0,22323660539101287	-0,039803853304384074
-0,06089718827224605	-1,8161772884721092
-0,0067802587149571325	0,22423865546636823
-0,6877156620960925	1,7980536795237345
-0,22265069916415137	-0,04280939116654292
0,26274780272118853	-1,5629880306185648
-0,6707125843727955	2,2940555288568123
-0,45670215508455636	-0,7963291953579545
-0,27722889449418686	-1,5764851323943154
-1,7675499973075444	0,967320707253064
-0,7687649569387882	2,8563391757678804
-0,3203135528237865	-0,3258370321752747
0,4911481734843747	-1,6858930875140508
-0,3530793617200009	-1,7054095762867931
-0,5515475746967897	1,426232289449014
-1,6809652330218119	1,100140058532716
-1,398172211781319	0,7988009728525121
-0,3101183082824823	-1,4013558071855425
-0,411597296578887	-1,801805595284069
-0,7080181458198698	1,2829682510945992
-0,7159052428021968	2,4362132584908265
-0,8260924448467195	2,0468473619566634
-0,9846511871075159	-0,18049310069979108
-0,3975520646257331	-0,9975280909857194
-1,0919563632603206	2,5496989811660864
-0,41809519567798614	-0,8827412692474234
-1,299838108461014	0,4990275084726492
-0,13575649869812423	0,4247966209460976
0,39432433781266873	-1,6138291313068294
-0,1076391633181012	-1,8902084029226927
-0,1787767430533742	0,012753668117286732
-0,4416266917016788	0,26341391759042
-0,01786182048924967	-1,625820227739664
-0,4530101591097977	-1,9488133057953139
-0,9811632879562313	0,8122089784059012
0,34660084228821686	-2,1673011649402456
-0,8457646702314362	2,3469963487955257
-2,1203068690832936	0,6857044928956186
-0,7679655176382965	-0,06823141898113194
-0,9842955149165917	-0,8164893676133929
-0,8082224817760901	2,275115410300412
0,21428486871562627	-1,7594740053665208
-1,5629571668595381	0,5822157597520616
-0,9265206968192505	2,0248370242716835
-1,876919915778871	1,0883710293970432
-0,07887414871758414	-1,4424304448971057
-0,5828566932821867	-0,43714508291213183
-0,94800172598081	-0,14668652420759587
-1,1593755464006814	1,259235426436688
-0,8546307006126531	1,2376813970867093
-0,4608503194946786	-0,4344359342268685
-0,8330432612600043	2,7378480828652476
-0,6124517266013794	-1,339403449085085
-0,9762755365541247	-1,1626659299850248
-0,245236005545592	-1,7071503295580703
0,039534866188763784	-1,5464384910330664
-1,239083238922831	1,1518016386221408
-1,1384798695939273	2,8625342115047987
-0,5367029244228707	-0,17863480553574607
-2,1860443573226274	0,6295531819141089
-1,3254915935227707	3,1190965371023687
-0,7125336033053697	0,17537849568009423
-0,45496860037608877	-1,2345816664819809
0,3877379481628932	-1,654293561384434
-1,0138739639699588	1,0659662477470473
-1,8438109866950358	0,6955548428509257
-0,4965130577747089	-1,9630041286248627
-0,8232623466536848	-1,3127281645768618
-0,694618972761373	-0,5589974958493892
-1,0771734724301807	2,845257137488354
-1,4024836638917448	0,4852329654801735
-1,608392325947985	0,9868535403525933
-1,0258166612131123	2,032062845224149
-1,0987878349999116	-0,9578687175721524
-1,1122441507529701	-0,37365692542313556
-0,06394595950629872	-1,6859374458446672
0,3524425755635292	-1,5764555550054045
-0,4997984738568858	0,26159364929469864
-0,5217222952108075	0,3274338984615115
-0,9392185813954863	2,3914249510159187
-0,6921732289515192	1,45137104269623
0,16640299905238462	-0,004444644920846619
-0,4471734186288622	-0,009055593913634419
-1,0850131886129395	1,4258462850811293
-0,7222363332601522	-1,0707698427370604
-0,37288170253048625	-1,7893585177189693
-0,562227445223642	-0,6999168801001834
-1,8431930949559754	0,7244527956288762
-0,962745240863982	-0,12542311659648864
0,025526590437319807	0,4190475488708072
-0,6455320076933304	2,6950454635276926
-0,3506695401971407	-1,4617277450112893
-0,15534270738553568	-1,8603869723202806
-1,0373097655754906	1,0339934684716283
-0,38560996717098006	1,9104858531892317
-0,9571745626344949	1,4334206125776654
0,11683249365032092	0,22478081430387986
-0,2339191585580902	-1,2511586725371786
-0,9079507530234108	1,7612202014756522
0,07587760618289446	0,40482535645854156
-0,1391725034923787	-2,0505216432566664
-0,4909717548593169	-1,701843405152771
-0,6971851147966219	0,085944538314766
-0,39741045008396914	0,07013486834632388
-0,8598042563544446	2,924163148395377
-0,37598455199755687	2,28336663500904
-0,46456091708923175	0,48027543578387055
-0,9602016313879713	-0,24877207586216976
-0,5754043294875796	-0,7298392376275833
-2,032835777996749	0,6464062981274086
-0,0667438836635974	0,0404094245164589
-0,5090355833017153	-0,8307725297514561
-0,7022480724712525	2,4342104727502623
-0,619158607632741	-1,1509623656604386
0,1710750873207559	-1,7866744833491421
-1,6832737716258994	1,1089900243967068
-0,5890626563557451	-1,6916010206482408
-0,8280617384446483	1,006288871817469
-0,9181497519637842	-0,6767261118769076
-0,36708816468468464	-1,3774898846025496
-0,8941554319919078	-1,308120898435578
-0,8728556098787252	-1,1424418515837056
-0,44867957947956505	2,178873790350735
-0,5080406076079259	-1,5936169701967093
-1,3916098064416438	2,992761802385826
-0,30414674015533827	-1,396335969223566
-0,6078049170932713	-1,201506280220812
-0,5654070545044693	0,3940617342286912
-0,25378091292349747	-1,5732330081907948
-0,3228269968091092	-1,2793723430449533
-0,8081244572918482	-1,0447749022252617
-1,8622603803316575	0,987314287435514
-0,6004500184216707	-0,609069478226116
-0,4767208678461323	-0,23253128018133273
0,02370650399507851	-1,6432003385040599
-0,6542959907837826	2,502691961753845
-0,699531935186585	2,186987730448006
-1,7099850925383753	1,006738516830104
-0,5550900722127318	-0,27190991213347593
-0,13509079904910437	0,264195639502395
-0,4158105308105102	-0,19129907951655722
-0,4312453569031325	2,404439607842241
-0,631187551544405	2,42704348556413
-1,0374390083093192	2,977934176976314
-0,6409609748859206	-0,008090013050365275
-1,274923956020222	3,039636163863621
-0,676253396599654	-1,0176548035107689
0,26012008209119547	-1,9318068127543824
0,19794028917764106	-2,138774692204535
-1,064456007886705	1,6240503379711586
-0,40544617352467305	-0,5367989781927974
-0,7442506239835993	-1,4290253384099039
-0,7784163057019067	2,266191601052802
0,593075195001707	-2,198224319903124
-1,2832785180952242	0,7690683426528486
0,0004445523909876181	-1,5142033088504032
0,6093236225738985	-2,211295607357557
-1,0275104299829974	0,8412995137479111
-0,8162976899404879	-0,8055890334624837
-1,446743604574663	0,8743597807044454
-0,12446487850922416	0,12881745922997911
-0,6564143401659548	1,5761977110851095
-1,2438566427506474	2,736111377968376
-0,9609646893001409	0,7011520273442833
-0,8745846107974246	1,8483529226836806
-0,9837850347341062	-0,34757498407403564
-0,5702185221794589	2,568432739316612
-0,8956336724373726	-0,8585766289765577
-1,0081197204516616	2,8015781591058397
-0,7695673769895683	2,5661992074882867
-0,4558847980465277	-1,04204863020971
-1,019189868336325	2,877418488850851
-0,2684555612749906	-0,21760359392423334
-0,10196347598298694	-1,4954059805954594
-0,8481486031913796	-0,7665724474908235
-1,0223924108803022	-1,3620963577908585
-0,11729775760702288	-1,6378567857636122
-1,0891601393206556	3,0527994621533265
-0,4654973012212893	-0,5410011708726045
-1,1254399188735658	1,2850609244700864
-0,882962365321444	-1,2149116675776115
-1,1107845085176054	2,496756802028317
0,0012843123294545289	-2,0842988703520664
-0,36460902330065026	-1,967034423853749
-0,3071402905282974	-1,886146027251753
-1,56659609458456	0,5749245162631442
-1,0544759287982293	2,37371440121954
-1,1982568922963674	2,4154518232437887
-0,44058531695968395	-1,8192351220832443
-0,36535643147233987	-1,3740965042763866
-0,8837598166595781	0,08225714557167751
-1,2091219321937756	0,7901950997267555
-1,5379204915676477	1,012399258413165
-0,03853539563305075	-0,0869879464310791
-1,5655069325231625	1,1607552738221074
-0,7688608421606009	2,5392255513944924
-0,5196146865758418	2,4878942973334213
-1,9345338562961654	0,932786989175912
-1,0613416729712242	0,646241238521845
-0,3402634907091264	0,27731023017630263
0,11100827858277484	0,04664514825283883
-0,6402045463411965	-0,8668536663113617
-1,2218443808824895	3,154860925150402
-0,6895038814537722	-1,023694434142199
-1,2545689540237124	0,7332410318916485
-0,9480169326604428	2,3689476815817017
-1,9462220050435768	0,5652761073185111
-1,6646634387561756	0,7256137308653654
-0,09838387017180322	0,12661817414244836
-0,5726472036491861	1,6465732713572199
-1,0345005814255903	1,268159693626406
-0,3744904660318302	-1,773376500282585
0,23812651405428176	-1,505581040597636
-0,13962893454980796	-2,0981388439592012
-1,5498889225041639	0,683277112087016
-0,986415959228657	3,084374958603596
-1,1346972148968077	2,8963151048369418
-0,6089618051543488	0,36227818122939826
-2,018446739886241	0,44862684906735484
-0,8861237685984338	0,8993564356143766
-2,0736082693329663	0,721747362691251
-0,7416236882086549	1,5063136051081911
-0,572237842607898	1,7551385793114487
-0,8906523005703332	1,3496927287367049
-1,0508383845087277	1,3403597860071577
-0,13014029827302337	-1,4915911328284177
-1,6614720146138744	0,8503926392467509
0,057044431044234234	0,05368917052122424
-0,591776305727644	-1,6002816063890832
-0,19614008842013309	-0,15689629613644906
-0,4392471784999241	1,266496281086411
-0,03836897090691144	-2,203519646308501
-1,5274534869183	1,0030531598956802
0,3917982788129969	-1,8031585704695818
0,18245313871596638	-2,0462287781011756
-0,7402281604938896	1,5053481029518556
-1,0709907814504929	1,5418728332200051
-0,3906397834889658	-0,43190365184805457
-0,6170166787144942	2,0145850353420713
-0,3293428608112129	0,13931987046524685
-0,28886797185901225	-0,014008589033150498
-0,22366183349581203	-1,6593909881311786
0,3693053733859561	-1,7998851289492925
-0,3711354346310043	0,1469066640784441
-0,5406977878605503	-1,845849364098388
-1,7565037160064696	1,0341533847432451
-0,9900414546142046	1,3803644907814934
-0,7616004578741857	-1,3853726441490375
-1,2464978580170696	1,1632888913956816
-0,37525835236913874	-0,105658718494131
-0,7278914873358537	2,610043208668583
-1,2838968983502417	1,2462456150847232
-0,9159333240594654	1,717802337978829
-1,0020881103656472	-0,9824587613835206
-0,2856094129521577	-0,27154402214935364
0,0007665698215438832	0,42947842461248853
-0,5818152574308095	2,224374112098263
-1,1376199548038608	1,0398234786984315
-0,28842643687460745	0,22833715900477114
-0,8706167755606609	2,6078436433784074
-0,17667135118613597	-2,088668743739457
-0,964490253869371	2,0500890532244878
-0,13340665589642142	0,5887987646531498
-0,10893691585105059	-0,11899242469575966
-0,7250693415215803	-1,6006264290201409
-1,8204356925735308	0,8327837177216559
-0,28325669133719333	-1,852908485188978
-0,4906895804781438	0,24558839904314522
0,1034750229701441	-1,9214441983241848
-1,6752837289441802	0,6755773396464242
-0,7089096541737523	0,31393948542261807
-0,794846726578184	-1,549679829824898
-0,32330923940392076	-0,20164872125912092
-0,25082681678156526	-2,069438768869179
-0,3438676228471804	0,2905199468036497
-1,4554127645478145	1,1588681648616865
-0,44490649364020496	-1,6820529275086724
-1,8464856807547119	0,89883252601904
-1,957860418021545	0,6000778147927139
-0,3249064729771438	-1,3789908075127917
-0,4825830738040572	-0,4514725026233875
-0,7812320207703092	-1,0154280270793303
-0,8340920427173866	2,0702162124888446
-0,8393144137309649	-0,745800991620955
-0,06872526103344784	0,4622518265364466
-0,860241115449389	-0,07901421190807689
-0,5366745611569178	-1,1333856844172598
-1,2159062090173127	0,9592935631827892
-0,3243804020747706	-0,2309382967063699
-1,1935241686474394	3,276870971932351
-0,9433307094195599	1,9543429448797627
-0,724185544796909	1,896441481133918
-1,0247674799393955	1,807751450514735
-1,029422793411233	-0,8350008109534929
-0,6445934599248362	-1,6876297488527299
-1,6158105372700942	0,6001818529108249
-1,239190978427986	2,801168883199813
-0,17673690004575393	-0,10398154392792147
0,5536644449018889	-1,9505025349564309
-0,23687031383759993	-0,03165980778909039
0,25270720423474924	-2,170910489166959
0,08265103993546094	-1,7502148948017084
0,24698805994736567	-1,552171693003684
-0,3079642459283074	-1,2091350550181095
-0,026479937752638738	0,08325746584396532
-1,1239679313784166	2,2789423774367665
-1,1308898054618424	1,2433235689806221
-0,26811143321407815	-1,5519088655780877
-0,4538589537913892	-0,33825647139419357
-0,5503588109738582	-0,14097013309148498
0,30786496738471736	-1,6361154273546128
0,034859770753042474	-2,02387435364812
-0,1761272390501447	-0,10168056468056774
-0,45184943962316493	-1,917041432422811
-1,2272079507649059	0,782112015666256
0,5457219160407264	-1,845135700390412
-1,8257287548160632	0,4123923315706499
-1,638750741946461	0,8855933477400333
-1,2490003441410864	1,2680200881700612
-0,3584210948435832	0,3969889457155875
-0,9056654636142518	2,1661963767667474
-0,670816131792717	1,7727746477543118
-0,9883061571793741	0,957967356283332
-0,5759643560459267	2,140499828533261
0,22559305525711046	-1,580320767536573
-0,6069728991333512	-1,5934935804061554
-0,9267136077463192	1,5946582500302577
-0,5139735008004216	-1,363065038483597
-0,25113198325241715	-1,814803354011272
-0,5041197643213884	0,16526272110268359
-0,4263108095656002	-0,05735048049827607
-1,9322546245967858	1,1653159564265536
-1,7011447815614353	0,9229342966764962
-0,7675123985269248	1,1789279200267224
-1,1649743152399532	1,4714143172191712
-0,855417916228699	-0,3354629583523494
-1,1991819153072845	2,467214833203992
-0,9773434126531677	0,686656344390598
-0,3526914226232497	-0,09120359124165267
-0,20651569155767124	0,07623564138085182
-0,47899156644799434	-0,42326915754625594
-1,0251752695873622	0,740923886197961
-0,40621752242002906	2,4114265255567306
-0,03732210436086114	-2,110474364907473
-0,872048842873505	2,5879034855134013
-0,059761518988982576	-2,117860370664082
-0,6124636892434685	-0,5646640031458179
-0,623819163558499	0,2887569484750625
-0,2646200968136967	0,36769985967067265
-0,8290775494906388	-1,620548073601691
-2,0751087984610637	0,7355175487651173
-0,7884613404377252	-1,2964808478455965
0,3484446849584457	-1,7940476037047008
-1,0680422666073908	-0,6135641485761265
0,017032727445953688	0,2404140731938812
-0,3092818982546781	0,5646118366291297
0,3590132448320327	-1,5441073130995506
-0,316828302684262	1,740630970069141
0,012087849929097616	0,1492312578467032
-0,593415228274585	-0,02707056186985579
-0,9210531257995043	-1,078585975669026
-0,6128942859194909	-1,460218412350517
-0,8886770427017214	-0,511521747560012
-0,3802956520245441	-1,3365464911623994
-1,1510455375893263	3,1060120297311657
-1,0197638431819889	2,3598014698877927
-0,43843009362992713	-1,280525089292055
0,22647552770810664	-1,9145441473059115
-1,0676060124058184	3,1555449544951015
-0,7030691069566077	-0,11939775546188747
-0,7783227353775042	-0,3142285625205047
-0,09384264992438157	0,09646436893697141
-0,5970829665070105	1,8571931150051664
-0,22947987748621845	0,5032740900229153
-1,275469337318265	1,0955588264653213
-0,9504520563770418	2,076075998303951
-1,5595787239745942	0,7149096534528587
-1,0062068807674938	1,7981605725899763
-1,0283949533567296	0,6668245873054477
-0,31060614411018683	-1,3565785250345335
-0,5899045543057333	1,1669139337915366
-0,2507174298921854	-1,9624076618444493
-0,5032108611048608	-0,07547044410382786
-0,8662153368418815	-0,03984218611894186
-1,2530818010963292	0,8562587300347566
-1,5593614128960216	1,0310230280021693
-1,389366726317382	2,6290985556613986
-0,6760941510262319	1,2332198715466138
-0,017266684806658716	-1,5874187758953309
-1,9191376733221124	1,1076975740331743
-0,9184702379718614	-1,430983698072506
-1,6587934897273564	0,8680216227891964
-1,0381902462274333	1,7636971857529733
-0,49682907398079923	2,225424894669483
-1,2696332725707957	1,1855172527606828
-1,2389395345828156	2,5536355861385003
0,03418510100685168	-1,598360583695329
0,6052766914093384	-2,1619832094503746
-1,0005666638243396	-0,44025464342486065
-0,4104406012374475	-0,138602827806104
-0,43790152362090407	0,30357204167167273
-1,2311319677202999	2,6445805153040176
-0,7197213811182372	1,2515877266030166
-1,0911234086800632	0,7571590964545059
0,15805989762630648	-1,958132064653828
-0,7602471205868842	0,13744023626745572
-0,8154983628455552	2,4257898223295777
-0,9835703554571252	2,2585792650707543
-0,9849491494772055	1,6942933362086305
-0,9966154088196033	1,0248226191264784
0,08707599685118081	-1,5657730830181118
-1,0502953331213556	2,731068463589059
0,26520619066747897	-1,9753328594290656
-0,29621490477925594	-1,6726015172950959
-0,9575040910157758	2,2019505313110708
-0,1643234277137427	-1,7914821294147392
-0,6570843464904147	-0,697823040715385
-0,5200982703107533	-1,1718307198870876
-0,5134999313689601	2,651584161066285
-1,3618895129174282	0,7194583395520657
-0,6243274623189373	-0,07274827015629193
-0,8371154192584211	-0,09224425105701906
-0,6725144936646662	0,015661391234983446
-0,49251460090129007	-0,07569491096381009
-0,20457732856561361	0,061160509232252025
0,10326073449253431	-1,7097351659276185
-0,5755220149992089	1,5952083281807423
-0,7014526805410202	2,0424756245482643
-0,1223141379752371	-0,1178857937284642
-1,931351451176972	1,081770779175541
0,2749415294757138	-1,6978759816423346
-0,9334609585596685	1,4476447773175602
0,04396658397745001	-1,7632170627835957
-1,0345055271685353	-0,48269698858837995
-0,80446903456988	-0,8411989230173209
-0,3195610564977942	2,211360361044774
-0,9861669572136583	2,0415609695377213
-1,5110301925095584	0,9664569324673515
-0,7702425174220582	-0,8471764072978173
-0,8802975083580002	2,160075997291002
-0,5796978883366756	0,18014215467080363
-0,45613376075552137	1,4807397456415907
-0,7946994961929248	1,7132676008169616
-0,5228285146640772	2,713981561609354
-0,8406942737309824	0,9780261134626705
-0,3293039710022483	-1,479448671468217
-0,5352345138449013	1,4370323711379513
-0,33632515461204915	-1,655006828678093
-0,8605456869510535	-0,8919794501605935
-1,1105275570659852	2,944378322578734
-0,5570487479661796	2,33226608549138
0,38823301734720106	-2,126842548013137
-0,018811861268730357	0,3508993234562445
-0,7710426642848931	1,8771619809820357
-0,4664515119836866	-1,6227119126426681
0,11471862541384584	-1,6698107516876592
-0,9921744314158005	1,685490354079703
-0,9680195157677525	1,2854617325245814
-1,2349211435611542	3,0910143459307573
-0,9971775417317934	-1,3650176326158916
-0,9144032156812956	0,0827386120656417
-0,92778873375803	1,3218224676950192
-0,7083980898373943	-0,1384223108909175
-2,102487359373991	0,5749447346529806
-1,66166906068036	0,48916513337199885
-0,8527917568567465	-1,0441806168328527
-0,5682934081998813	-0,07542922231906535
-1,3729189624089773	2,5410203662768884
-0,07728890056103377	0,0766623953056359
0,05845147090540981	0,4229112826479924
0,015433079687025508	-1,9506540559546734
-0,3974891457366493	-1,1968042716467968
-1,590275871885909	0,6149686858823105
-0,6304507388152548	-0,43066580128955356
-0,9353093088222302	0,9796786982176712
-1,2028461552476235	1,088219382955545
-0,5865276637848841	-1,3670682976650332
-1,570328128385609	0,5620692250066812
-1,2768950182526293	2,69954238931124
-0,6845033164872625	1,2499972294619337
-0,9691635676651429	-1,4800876921922232
-1,1996019317026252	0,9901462025080652
-0,9590883711298492	2,465766095277811
-0,6204132716796364	-0,48331390179866185
0,24806466003401026	-1,9924841798930986
-0,6923513878981293	1,9137552008757326
-0,9887736747056821	-0,7360585650634532
-0,7220842659597957	-1,7007047227347898
-0,7504842491314248	1,8151611904639713
-0,02045743607008016	-2,073274039740425
-1,062632868257378	0,7468983042085777
-0,9967086239799736	-0,40442829187528717
-0,4000495366195179	-1,433417141455032
-0,5700206795075922	-1,3251830964967801
-0,20570193118666658	-1,4120723991041468
-1,0868540670867028	1,4438491866900556
-1,6472109346871333	0,5901384871169251
-2,1630520291046826	0,5202576403036097
-1,2958551655114816	1,1772988088239948
-1,4363149397699941	2,732292848477318
-0,02415464619299168	-1,8167006088144817
-0,28039086929682133	-0,06335309959995261
0,5569806778641928	-2,214334510368182
-0,4804933275655625	-0,31284419136448793
-2,0598883382498157	0,7290700098797875
0,13200022142465637	-1,602557155306876
-0,47891102653873274	0,3977394117841111
-1,7265941136057745	0,7286928262063461
-1,3352437370441255	2,796554443709178
-1,4117516870160725	0,9608731331513112
-1,0029420288695838	2,757364751938326
-0,8288062324812224	-1,5855669265119934
-0,7105256930769457	2,9462722668409014
-0,5412971045694183	-0,7710350150217874
-0,7058028504534946	2,1223693121094778
-0,7698097637056529	2,9609698347019764
-0,5163714246941897	2,1126523635736403
-0,5801687569898888	1,0378805998256597
-0,06038984007414128	-2,130139218288048
-0,8997015349380564	1,4046080848376963
-0,7441135031417043	0,8229284322341717
-1,5815786286944566	0,6568472937319993
-1,0470063369194054	0,6655351212726301
-0,6785921294352442	-1,4214090118387357
-2,0061925595676873	1,1593563763686516
-1,031759250731222	-0,6740998540672853
-0,12819709788971512	-1,4272851580852544
0,25166394008086346	-2,0462745483373137
-0,47337478054614024	-1,9840733852768038
-0,7724613523558401	1,721837259829362
-1,3860672764945439	0,5019963956666236
-0,9217823544311226	2,804950512268187
-1,6831951153987585	0,4427389984247374
-0,18077157381390385	-0,06522773885476219
-1,029403616206897	2,7254188636895345
-0,2739897704738177	-1,4818082465966071
0,13458423854194823	-1,8181411168746995
-0,26025097750190773	-0,03550339444395567
-0,5926755876584224	0,02502062424496576
-0,23412941753918926	0,1479890909560776
-0,01939033758340819	0,6545472141076913
-0,17052827918675528	0,2934705551351793
-0,4197353795864357	-1,283166788726894
-0,4076034094691545	1,3258718444237303
-0,7106088838751865	1,3159516320376206
-1,1518436706484754	2,8406685499376145
0,13671163092685856	0,08431537000120126
-0,003638017856000708	0,43435902710650054
-0,5331015830376817	-0,07104098078575005
-0,3890857482321629	-1,2319423367059668
-1,9671025326283098	0,7497985157672971
-0,24014241225166	0,39831445305376856
-0,6978527159555763	0,04616652807943711
-0,8650257031282346	1,9822786760637037
0,17577543746328994	-1,5664899663097995
-0,7048826076547485	1,4278747924103894
-1,3298147961868696	0,9519137244260598
-1,9853712865353563	0,8086117591842674
-0,9846623563696496	1,737994950463161
0,39201102217426886	-2,07649825196445
-0,4108505179023163	-2,0162386702745465
-0,3940211195319363	-1,3252329070527737
-0,6262019890295716	-0,43670123871887223
-1,299147527232395	1,1993459610698722
-1,3760155394898432	0,7750239366636005
-0,7775301743237597	-0,8299601582416154
-0,37885140362476477	0,13155215524955055
-0,790270861897735	0,14247716626816143
-2,184937684467578	0,5588818748545348
-0,6494900407703854	-1,0491155016013374
-1,03311222017133	2,5746237331727935
-1,5443960444562383	0,7961379904002659
-1,1351045210011892	-0,9872370213123597
0,058463304842478636	-2,130341378630993
-2,0878420998700697	0,7415530763795872
-0,08470704537610685	0,2294304550409858
-0,89149910034427	-1,3359759473254558
-0,42029812919043263	-0,996522639839285
-0,6284829844582371	1,542992836957319
-0,5630556102324287	-1,0223191616685003
-0,5382298625768912	-0,8046548970672474
-0,7111788715863161	-1,3256905214256378
-0,1744418139626105	-1,4064151773288707
-1,112370871066688	2,6058269159887475
-0,8428713418912313	-1,017347343798996
-0,5820709357164653	-1,8619003147896314
0,062431734665512495	-2,158065573496004
-0,9158238472336453	-1,5809560425001992
0,07486375566101494	0,14576354012429105
-0,5851441681583673	2,1300105605910007
-0,4065887910215257	-1,1552304106991849
-1,7174552261613676	0,8671055061963266
-0,5764774239669092	-1,210801816603951
-0,9180642327859969	-0,4466295198378451
-0,7667205212659451	2,425739298712425
-1,7621771545421612	0,4178369658973198
-0,6728619341080067	2,0990268523706397
-1,1622688107010675	1,0087458963924267
-0,29253493716943446	0,21619870557500898
-1,051763651794071	1,5429722140355417
0,550328344471017	-2,032603165802395
-1,0448532228612382	1,6955063343034158
-0,898647400287141	-1,2177425513080955
-1,937757594730497	0,9296201387131617
0,47289997606492273	-1,689555814006795
0,11453555998619708	-1,9831820822468051
-0,6886188184672175	2,584683516994044
-1,3553254546019105	0,7904964835915291
-0,8926415609121203	-0,5200016360376777
-0,32523432521661877	0,20727459843696383
-0,44902733336006184	1,9501645148764455
-0,19374144426129125	0,5866436313624179
-0,9071878026499636	0,08756311731764066
-0,8300506858146299	-1,0083582196985308
-1,1897396735260592	3,085950412471755
-0,5524447112936323	-0,9418075436206359
-0,8590244891480916	2,89299787959543
-0,36836165942940857	-1,2280779312538117
0,43794315583082827	-1,8451227258201812
-0,475791658207966	1,1671408639021246
-0,19927974030639428	-0,08100534642132107
-1,2719703424816473	2,83596579475168
-0,4978724331365384	-1,348913170336265
-1,7701826174054431	0,6375323604926024
-2,1600216725443913	0,6486571655751381
-1,6764921418252539	0,7927593767363952
-0,07848138599499893	-1,9942155045402103
-0,09934674922329545	-0,06417682559772064
0,06505479144765824	-1,4879455016619978
-1,0245758691039382	2,3568251050889484
-0,6836557779022572	-1,7525128204091078
-1,1360882565093888	1,02893118740439
-1,2421959183696427	2,4713681460842736
-1,1922754874226227	2,6653573855729586
-0,025980995040014387	-1,782837580247457
-0,4793371812238467	0,42486842133220604
-1,6413129157938573	0,4323334123319995
-0,21026751618398576	-0,08672563489521323
-0,6049243834535616	1,4872841678767237
-0,8053681158223758	0,12575868693925407
-1,0991514984475053	-1,1284677718547065
-0,0932302303954401	-0,11727956665691563
-0,4459436412091209	0,2657891242203778
0,19005346632400333	-1,5803326256673984
-0,41049945668283927	-0,44121352049386525
-1,0334842795177588	1,79179922156944
-0,8465012972005064	-1,4000275098548622
-0,8063145430742509	2,200944140938286
